-78.218941 -14.587848 -21.706289 -0.039064 0.718772 -0.609394 0.014161 0.008911 -0.024537 
-72.183907 -0.770592 -8.720664 -0.218757 0.734397 -0.703146 0.014161 0.008911 -0.024537 
-75.228127 28.580584 5.378887 -0.148442 0.617206 -0.812525 0.014161 0.009644 -0.024171 
-75.319679 11.642812 6.118961 -0.242195 0.593768 -0.789087 0.014283 0.009888 -0.023804 
-53.590504 -19.188513 -3.326518 -0.281259 0.578143 -0.726585 0.014039 0.010865 -0.023560 
-12.009033 -41.665394 -14.366589 -0.171880 0.632832 -0.703146 0.014039 0.010987 -0.023316 
4.058962 -49.966431 -15.068514 -0.070315 0.617206 -0.679708 0.013794 0.011231 -0.023560 
-1.915036 -45.678577 3.295999 -0.156255 0.539079 -0.750023 0.013672 0.011353 -0.023194 
-17.097996 -23.384808 20.851772 -0.179693 0.546892 -0.851588 0.013184 0.011841 -0.023316 
-29.023102 -31.617176 9.460738 -0.187506 0.562517 -0.710959 0.013062 0.011963 -0.023194 
5.729850 -45.632801 -20.180365 -0.070315 0.554704 -0.695334 0.012940 0.012207 -0.023194 
16.914885 -32.982880 -17.662588 -0.085940 0.570330 -0.718772 0.012818 0.012574 -0.023194 
6.775109 -17.555773 -12.443922 -0.039064 0.570330 -0.765648 0.012818 0.012329 -0.023072 
-8.873257 0.000000 -6.111331 -0.093753 0.609394 -0.828150 0.012940 0.012574 -0.022950 
-27.657400 3.196814 1.709037 -0.062502 0.625019 -0.859401 0.012818 0.012696 -0.022950 
-37.507248 -9.956664 12.466811 -0.109378 0.585955 -0.718772 0.012696 0.013184 -0.022828 
-0.717185 -21.530807 0.076296 -0.062502 0.523453 -0.742210 0.012574 0.013184 -0.022584 
12.962737 -20.271919 -7.293924 -0.039064 0.546892 -0.781274 0.012574 0.013184 -0.022950 
7.614368 -10.773034 -4.455702 -0.046876 0.562517 -0.843776 0.012452 0.013184 -0.022706 
-13.679922 -2.014222 0.175481 -0.078127 0.578143 -0.812525 0.012329 0.013306 -0.022462 
-30.373547 5.752739 -3.196814 -0.085940 0.523453 -0.781274 0.012452 0.013550 -0.022340 
-29.229103 15.137180 -10.223701 -0.062502 0.500015 -0.812525 0.012574 0.013916 -0.021851 
-37.926876 17.876217 -8.621479 -0.093753 0.539079 -0.828150 0.012696 0.013794 -0.021973 
-47.235023 19.531847 -2.670370 -0.054689 0.492203 -0.906278 0.012940 0.014527 -0.021485 
-83.735161 24.147770 2.571184 -0.125004 0.445326 -0.757836 0.012940 0.014771 -0.021119 
-74.182869 27.413252 -14.931181 -0.109378 0.476577 -0.773461 0.013428 0.015503 -0.020386 
-71.420944 45.411541 -14.084292 -0.117191 0.492203 -0.843776 0.013550 0.015748 -0.020142 
-72.946869 53.086948 -13.519700 -0.093753 0.406262 -1.015656 0.014283 0.016114 -0.019166 
-99.360634 41.535690 -7.377850 -0.148442 0.429701 -1.039094 0.014405 0.016236 -0.018555 
-106.936859 31.617176 -4.928739 -0.203131 0.398450 -0.976592 0.014771 0.016968 -0.017457 
-104.785301 33.066807 2.967925 -0.250008 0.304697 -0.984405 0.014771 0.017457 -0.016602 
-99.497971 32.265694 -4.615924 -0.179693 0.382824 -0.960967 0.014771 0.017579 -0.016236 
-78.615677 19.974365 -2.388073 -0.140629 0.289071 -1.007843 0.015259 0.018189 -0.015137 
-97.621078 18.089846 14.603106 -0.203131 0.265633 -1.054720 0.015137 0.018433 -0.014649 
-99.108856 9.521775 13.885921 -0.195318 0.226569 -0.882839 0.014893 0.019166 -0.013794 
-46.594135 -28.328806 17.891476 -0.281259 0.085940 -0.875027 0.014649 0.019532 -0.013306 
-21.477402 -25.605030 7.721183 -0.242195 0.007813 -0.867214 0.014405 0.019776 -0.013306 
-29.633472 -7.164220 -13.458663 -0.187506 0.093753 -0.882839 0.014283 0.020020 -0.013062 
-21.965696 1.266518 -9.575182 -0.140629 0.085940 -0.906278 0.014405 0.020142 -0.012696 
3.616443 -7.141331 -10.574663 -0.093753 0.101566 -0.898465 0.014283 0.020142 -0.012574 
20.134586 -11.062960 -13.359478 -0.054689 0.289071 -0.890652 0.014283 0.020142 -0.012940 
88.480789 -24.193548 -10.444960 -0.023438 0.281259 -0.992218 0.014161 0.019776 -0.013428 
160.611282 -72.710350 2.372814 -0.101566 0.257820 -1.007843 0.013306 0.018921 -0.015381 
164.342178 -85.428940 2.571184 -0.046876 0.304697 -0.921903 0.012818 0.018677 -0.016358 
145.733505 -56.428722 1.274148 -0.070315 0.375011 -0.968780 0.012207 0.017823 -0.018189 
138.195435 -47.547836 0.755333 -0.070315 0.343760 -0.953154 0.012085 0.017457 -0.018799 
144.001587 -50.248726 -8.247627 0.039064 0.398450 -0.843776 0.011841 0.016114 -0.020264 
161.542099 -47.517319 -12.642293 -0.046876 0.460952 -0.812525 0.011719 0.015381 -0.021241 
167.249054 -34.401989 -24.491104 -0.125004 0.617206 -0.781274 0.011963 0.013916 -0.022462 
154.477066 -7.950072 -21.088289 -0.007813 0.671896 -0.773461 0.012085 0.012940 -0.023194 
154.866180 -7.103183 -2.746666 -0.007813 0.734397 -0.742210 0.012085 0.012329 -0.023804 
172.475357 -17.281105 -3.433332 0.015625 0.648457 -0.710959 0.011963 0.010010 -0.024781 
196.287430 -36.019470 -12.482070 -0.039064 0.781274 -0.765648 0.011963 0.009278 -0.025269 
174.054688 -24.826807 -8.865627 -0.070315 0.703146 -0.640645 0.012207 0.006958 -0.026490 
139.797668 -23.407698 -8.301035 -0.093753 0.710959 -0.546892 0.012207 0.006104 -0.026612 
105.258339 -3.379925 -29.549547 -0.054689 0.898465 -0.359386 0.012574 0.004639 -0.026856 
117.694633 7.835627 -23.880733 0.000000 0.929716 -0.484390 0.012574 0.004151 -0.026978 
109.202858 15.228736 -20.905178 -0.062502 1.000031 -0.585955 0.012940 0.002686 -0.026978 
63.402203 23.323771 -0.061037 -0.085940 0.906278 -0.414075 0.012940 0.002319 -0.027345 
66.713463 -1.205481 -0.526444 -0.125004 0.914090 -0.250008 0.012940 0.001465 -0.027223 
84.536270 -4.196295 -9.178442 -0.085940 0.859401 -0.242195 0.013184 0.000732 -0.027467 
100.283821 5.920591 -4.982147 -0.117191 0.859401 -0.359386 0.013306 -0.000610 -0.027223 
83.246864 11.535996 -14.938810 -0.039064 0.867214 -0.406262 0.013184 -0.001099 -0.027345 
61.609241 8.148442 -14.313181 -0.039064 0.859401 -0.460952 0.013428 -0.001953 -0.027100 
4.188665 8.178961 -6.920072 0.000000 0.820338 -0.453139 0.013550 -0.001831 -0.027100 
-72.122864 8.148442 -1.258888 -0.054689 0.734397 -0.539079 0.013428 -0.000732 -0.026978 
-160.161133 9.559923 -10.116886 -0.195318 0.710959 -0.539079 0.013550 0.000488 -0.027100 
-230.796234 26.894436 -38.285469 -0.187506 0.781274 -0.460952 0.013672 0.001709 -0.026978 
-246.566666 48.112431 -68.094421 -0.164068 0.835963 -0.437513 0.014649 0.004761 -0.025880 
-241.599777 53.537094 -74.259163 -0.132817 0.875027 -0.515641 0.014893 0.006104 -0.025147 
-221.587265 72.763756 -62.234871 -0.039064 0.859401 -0.531266 0.016236 0.008057 -0.023682 
-199.430832 72.969757 -22.309031 -0.085940 0.890652 -0.820338 0.016480 0.009033 -0.023072 
-148.396255 14.381847 8.545182 -0.179693 0.726585 -0.835963 0.016602 0.010620 -0.022095 
-109.416489 -26.406139 29.007843 -0.218757 0.578143 -0.687521 0.016236 0.011353 -0.021729 
-95.942566 -29.534288 32.021545 -0.250008 0.445326 -0.726585 0.015625 0.012574 -0.021241 
-97.491379 -4.371777 24.353771 -0.203131 0.468764 -0.953154 0.015503 0.013062 -0.020875 
-133.106476 3.654592 29.190954 -0.195318 0.539079 -0.898465 0.015259 0.014283 -0.020264 
-146.656693 1.457259 32.067326 -0.125004 0.648457 -0.906278 0.014771 0.015137 -0.019654 
-140.560623 7.042146 47.891171 -0.085940 0.585955 -0.882839 0.014405 0.016480 -0.018433 
-79.134499 -25.147251 44.083988 -0.179693 0.367199 -0.867214 0.014039 0.017090 -0.018189 
-47.418133 -39.506210 30.487991 -0.132817 0.273446 -1.000031 0.013428 0.017701 -0.017823 
-63.348797 -38.743248 25.833918 -0.132817 0.289071 -0.976592 0.012940 0.018189 -0.017579 
-97.109894 -33.486435 19.371624 -0.085940 0.351573 -0.875027 0.012452 0.018921 -0.016480 
-90.411087 -26.726585 39.788506 -0.093753 0.281259 -0.851588 0.011963 0.019532 -0.015870 
-73.168129 -12.588885 40.986359 -0.125004 0.070315 -1.015656 0.011597 0.020142 -0.015381 
-106.753746 -11.703849 20.645771 -0.070315 0.218757 -0.984405 0.011231 0.020631 -0.014771 
-113.750114 -24.185919 18.822290 -0.054689 0.257820 -0.906278 0.011109 0.021119 -0.014039 
-74.457535 -50.614948 38.865322 -0.078127 0.070315 -0.835963 0.010132 0.021851 -0.013184 
-41.573841 -41.322063 30.289621 -0.109378 0.062502 -0.906278 0.009522 0.021973 -0.013062 
-24.437696 -25.414289 1.976074 0.007813 0.140629 -0.960967 0.009156 0.022462 -0.012452 
-6.660665 -33.814510 7.957701 0.007813 0.257820 -0.984405 0.009033 0.022706 -0.012452 
8.568071 -36.523026 14.175848 0.023438 0.203131 -1.000031 0.008301 0.022706 -0.012696 
40.711693 -42.535172 22.675253 0.062502 0.187506 -1.007843 0.007935 0.022584 -0.012940 
78.997162 -47.135838 24.750511 0.054689 0.218757 -0.984405 0.007202 0.022095 -0.014039 
149.296555 -66.667686 13.626514 0.109378 0.140629 -0.929716 0.006714 0.021607 -0.015015 
190.534683 -76.525162 3.883480 0.007813 0.187506 -0.890652 0.005860 0.020386 -0.017457 
212.012085 -50.798058 -11.947996 0.164068 0.359386 -0.851588 0.005615 0.019410 -0.018921 
221.030304 -33.845028 -22.202215 0.054689 0.507828 -1.117222 0.005860 0.017457 -0.021241 
190.252396 2.304147 -32.410656 0.132817 0.500015 -1.070345 0.006104 0.016480 -0.022217 
110.324409 26.291697 -22.652363 0.085940 0.531266 -0.906278 0.006592 0.015381 -0.023194 
103.625603 35.943176 -38.636433 0.109378 0.468764 -0.710959 0.006958 0.014649 -0.023560 
144.558548 35.782951 -79.927979 0.031251 0.695334 -0.773461 0.008423 0.012940 -0.024415 
136.715286 46.830654 -88.648643 0.039064 0.734397 -0.875027 0.009156 0.011963 -0.024537 
118.816185 54.857021 -73.862419 0.062502 0.804712 -0.757836 0.010254 0.010254 -0.025025 
99.734489 52.301094 -61.708427 -0.007813 0.804712 -0.601581 0.010865 0.009522 -0.025269 
135.799744 30.022583 -55.764946 0.015625 0.578143 -0.562517 0.011475 0.008667 -0.025513 
170.346695 12.009033 -76.761681 -0.015625 0.632832 -0.515641 0.012452 0.006470 -0.025880 
162.060913 14.900662 -97.293007 -0.101566 0.781274 -0.585955 0.012940 0.005371 -0.025758 
130.535294 33.455917 -84.635460 -0.078127 1.000031 -0.570330 0.014527 0.003540 -0.025880 
126.987518 28.221992 -62.227242 -0.156255 0.921903 -0.484390 0.014771 0.002686 -0.025758 
140.339371 11.307108 -26.619770 -0.023438 0.867214 -0.421888 0.015259 0.000732 -0.025758 
114.169746 22.324289 -12.802515 -0.046876 1.109409 -0.531266 0.015381 0.000122 -0.025636 
95.645012 18.524734 38.666950 -0.062502 1.054720 -0.406262 0.014771 -0.001221 -0.026124 
130.634476 -19.013031 76.479385 -0.265633 0.828150 -0.210944 0.014527 -0.001953 -0.026124 
153.256332 -16.487625 73.526718 -0.281259 0.695334 -0.125004 0.013916 -0.004028 -0.026246 
175.328842 -4.898221 43.572803 -0.203131 0.703146 -0.195318 0.013428 -0.005249 -0.026124 
162.640762 2.861110 17.052217 -0.125004 0.773461 -0.187506 0.013062 -0.007324 -0.025758 
142.025513 -2.471999 19.081697 -0.125004 0.843776 -0.085940 0.013184 -0.008179 -0.025269 
140.728470 -9.613331 25.566881 -0.070315 0.851588 -0.085940 0.012574 -0.009888 -0.024903 
115.047150 -12.817774 40.986359 -0.093753 0.812525 -0.062502 0.012574 -0.010620 -0.024537 
99.520859 -12.527848 44.389172 -0.070315 0.804712 0.085940 0.012207 -0.011597 -0.024293 
90.952789 -20.775475 45.533615 -0.179693 0.851588 0.218757 0.011841 -0.011963 -0.024049 
97.994934 -18.105106 31.502731 -0.156255 0.890652 0.257820 0.011719 -0.012696 -0.023927 
104.480118 -10.917996 20.172735 -0.039064 0.898465 0.218757 0.011719 -0.013550 -0.023316 
93.455307 -15.976439 25.299845 -0.015625 0.914090 0.273446 0.011719 -0.014283 -0.022950 
63.287758 -6.744591 33.669544 0.007813 0.953154 0.265633 0.011597 -0.015015 -0.022462 
46.639912 -0.167852 37.072361 0.015625 1.023469 0.359386 0.011231 -0.015137 -0.022462 
43.565174 -2.166814 43.237099 0.000000 1.000031 0.468764 0.010865 -0.015381 -0.022095 
68.178352 -6.706442 32.067326 0.000000 0.953154 0.460952 0.010620 -0.015992 -0.021851 
65.965759 0.679037 26.200140 0.000000 0.945341 0.328135 0.010376 -0.016480 -0.021241 
49.790947 -1.693777 25.261696 0.078127 0.992218 0.359386 0.010254 -0.016724 -0.020997 
44.724876 -5.455184 29.404583 0.039064 0.976592 0.437513 0.010010 -0.017212 -0.020753 
45.442062 -8.743553 35.699028 0.000000 0.890652 0.437513 0.009766 -0.017457 -0.020631 
47.883541 -6.530961 28.725548 0.070315 0.867214 0.421888 0.009766 -0.017823 -0.020020 
34.302803 -3.616443 25.055696 0.078127 0.882839 0.421888 0.009522 -0.017945 -0.019898 
21.599476 -2.380444 22.476883 0.070315 0.867214 0.390637 0.009522 -0.017945 -0.019898 
7.988220 -7.179479 13.832515 0.101566 0.820338 0.406262 0.009278 -0.018067 -0.019776 
1.190222 -9.102145 10.078738 0.078127 0.828150 0.460952 0.009156 -0.017945 -0.019898 
-8.239998 -8.850368 4.203925 0.093753 0.914090 0.515641 0.009400 -0.018067 -0.020020 
-6.653035 -1.251259 5.989257 0.117191 0.960967 0.492203 0.009156 -0.017945 -0.020020 
7.271035 5.325480 16.472366 0.117191 0.953154 0.453139 0.009156 -0.018067 -0.020020 
20.233772 0.091556 26.070436 0.101566 0.875027 0.406262 0.008911 -0.018067 -0.019898 
19.081697 -4.768517 24.269844 0.093753 0.867214 0.460952 0.008667 -0.018311 -0.019898 
18.814661 -6.004517 21.187475 0.117191 0.851588 0.507828 0.008545 -0.018433 -0.020020 
23.461103 -8.995331 19.272438 0.125004 0.851588 0.515641 0.008423 -0.018433 -0.019654 
26.306955 -4.585406 20.966215 0.140629 0.812525 0.476577 0.008423 -0.018677 -0.019532 
26.017029 1.037629 22.812586 0.148442 0.796899 0.453139 0.008301 -0.018799 -0.019410 
25.109104 -6.172369 23.277992 0.125004 0.750023 0.484390 0.008057 -0.018921 -0.019288 
24.338511 -8.201849 19.669180 0.140629 0.757836 0.515641 0.008057 -0.019166 -0.019044 
18.036440 -2.143925 14.053774 0.164068 0.789087 0.507828 0.007935 -0.019288 -0.018677 
17.532885 -3.608814 13.092441 0.164068 0.812525 0.492203 0.008057 -0.019288 -0.018677 
19.920958 -6.096072 14.893033 0.171880 0.757836 0.500015 0.008057 -0.019288 -0.018433 
16.075624 -9.781182 7.171850 0.140629 0.781274 0.562517 0.007935 -0.019288 -0.018311 
9.277627 -3.265481 0.610370 0.164068 0.812525 0.562517 0.007935 -0.019410 -0.018433 
8.186590 -2.143925 0.595111 0.187506 0.843776 0.554704 0.008179 -0.019410 -0.018311 
10.551775 -2.624592 4.188665 0.203131 0.828150 0.523453 0.007935 -0.019532 -0.018189 
7.026887 -4.699851 10.902738 0.164068 0.835963 0.531266 0.008057 -0.019654 -0.018189 
5.020295 -9.369183 14.931181 0.179693 0.851588 0.578143 0.007935 -0.019654 -0.018067 
15.648366 -15.282144 12.260811 0.132817 0.843776 0.625019 0.007935 -0.019532 -0.018311 
26.879177 -12.169255 11.452070 0.179693 0.812525 0.601581 0.008057 -0.019898 -0.017701 
29.076509 -8.270516 12.977996 0.195318 0.781274 0.554704 0.007813 -0.019776 -0.017945 
31.235695 -4.837184 15.160069 0.187506 0.812525 0.609394 0.008057 -0.020142 -0.017457 
39.567249 -1.174963 19.989624 0.195318 0.812525 0.531266 0.007935 -0.020264 -0.017212 
41.169468 -0.442518 27.832880 0.164068 0.718772 0.500015 0.007569 -0.020753 -0.016846 
36.393322 -9.430220 26.596882 0.140629 0.695334 0.593768 0.007569 -0.020631 -0.016846 
32.616657 -11.345256 24.819178 0.171880 0.703146 0.640645 0.007447 -0.020997 -0.016114 
33.059174 -5.912961 22.560808 0.195318 0.695334 0.578143 0.007447 -0.021119 -0.016236 
39.727470 -6.317331 22.438734 0.156255 0.664083 0.617206 0.007324 -0.021363 -0.015748 
36.729027 -11.009552 19.325846 0.164068 0.687521 0.656270 0.007447 -0.021363 -0.015625 
36.423840 -4.081851 13.344218 0.187506 0.648457 0.679708 0.007324 -0.021607 -0.015015 
42.634357 -8.430738 10.025331 0.250008 0.640645 0.687521 0.007324 -0.021607 -0.014893 
40.780357 -10.025331 12.192144 0.218757 0.656270 0.687521 0.007324 -0.022095 -0.014161 
34.005249 -9.659108 14.007996 0.195318 0.609394 0.750023 0.007447 -0.022095 -0.014161 
24.849697 -11.177404 9.765924 0.179693 0.640645 0.789087 0.007202 -0.022340 -0.013794 
24.407179 -4.058962 6.179998 0.226569 0.648457 0.765648 0.007324 -0.022217 -0.013672 
23.186438 -2.609333 9.208961 0.218757 0.640645 0.742210 0.007569 -0.022462 -0.013428 
12.962737 -4.272591 7.805109 0.195318 0.656270 0.726585 0.007447 -0.022340 -0.013306 
8.438368 -1.442000 7.545702 0.226569 0.687521 0.703146 0.007569 -0.022584 -0.013184 
10.330516 -0.518815 13.351848 0.195318 0.625019 0.734397 0.007324 -0.022462 -0.013184 
16.212957 -9.018220 13.191626 0.140629 0.554704 0.726585 0.007202 -0.022584 -0.012940 
12.146367 -7.789850 2.021851 0.195318 0.609394 0.765648 0.007447 -0.022584 -0.012940 
5.462813 -1.396222 -5.378887 0.242195 0.695334 0.812525 0.007324 -0.022584 -0.012696 
19.829401 -0.373852 1.892148 0.250008 0.664083 0.789087 0.007447 -0.022584 -0.012696 
29.282511 -5.455184 7.698294 0.234382 0.601581 0.757836 0.007569 -0.022828 -0.012452 
25.421919 -3.517258 14.007996 0.218757 0.554704 0.757836 0.007691 -0.022706 -0.012207 
13.641774 -4.242073 12.710959 0.203131 0.570330 0.835963 0.007447 -0.022950 -0.012085 
15.480514 -6.103702 6.027406 0.210944 0.562517 0.820338 0.007447 -0.022828 -0.011719 
21.172216 -4.707480 3.311258 0.187506 0.531266 0.812525 0.007569 -0.023072 -0.011597 
19.745476 -2.906888 2.143925 0.210944 0.562517 0.796899 0.007447 -0.022950 -0.011597 
16.396069 2.914518 2.311777 0.250008 0.539079 0.773461 0.007569 -0.023194 -0.011353 
21.721550 -3.418073 9.613331 0.242195 0.507828 0.773461 0.007447 -0.023316 -0.011109 
18.936735 -8.362072 7.896664 0.156255 0.484390 0.804712 0.007569 -0.023194 -0.010865 
16.701254 -9.743034 -6.195257 0.187506 0.500015 0.828150 0.007691 -0.023316 -0.010987 
12.131107 1.083407 -7.957701 0.250008 0.593768 0.835963 0.007691 -0.023438 -0.010498 
14.305552 2.891629 -6.576739 0.226569 0.578143 0.796899 0.007691 -0.023316 -0.010498 
12.703330 -3.761406 -3.570666 0.203131 0.562517 0.820338 0.007569 -0.023438 -0.010254 
2.952666 -0.358592 -5.455184 0.226569 0.578143 0.890652 0.007691 -0.023438 -0.010254 
11.009552 4.409925 -4.837184 0.195318 0.578143 0.914090 0.007691 -0.023316 -0.010132 
19.692068 3.906369 -7.995850 0.226569 0.515641 0.851588 0.007691 -0.023560 -0.010010 
7.675405 6.675924 -10.498367 0.242195 0.507828 0.812525 0.007569 -0.023560 -0.009888 
3.166295 13.657033 -10.025331 0.289071 0.554704 0.765648 0.007447 -0.023560 -0.009766 
1.342814 6.126591 -0.930815 0.234382 0.523453 0.843776 0.007447 -0.023682 -0.009888 
2.456740 3.990295 3.234962 0.210944 0.515641 0.882839 0.007447 -0.023560 -0.009766 
10.780663 13.977477 1.838740 0.210944 0.484390 0.820338 0.007080 -0.023560 -0.009766 
18.990143 6.324961 1.281777 0.195318 0.429701 0.773461 0.007202 -0.023560 -0.009522 
16.151920 6.179998 -2.899258 0.210944 0.414075 0.742210 0.007324 -0.023804 -0.009400 
-3.669851 9.498886 -12.092959 0.226569 0.476577 0.734397 0.007080 -0.023804 -0.009522 
-17.876217 3.784295 -13.939329 0.242195 0.523453 0.828150 0.007080 -0.023560 -0.009766 
-17.891476 8.484145 -4.295480 0.242195 0.554704 0.890652 0.006958 -0.023560 -0.009644 
-5.752739 14.839625 -2.075259 0.273446 0.562517 0.867214 0.006836 -0.023560 -0.010010 
5.645924 11.070589 0.221259 0.265633 0.546892 0.875027 0.006714 -0.023682 -0.009888 
11.123997 11.490219 -0.068667 0.265633 0.507828 0.859401 0.006470 -0.023804 -0.009522 
8.728293 12.352366 -2.998444 0.265633 0.515641 0.882839 0.006714 -0.023804 -0.009644 
0.846889 13.206885 -5.569628 0.265633 0.546892 0.867214 0.006470 -0.023682 -0.009644 
1.319926 21.294291 -3.746147 0.250008 0.515641 0.796899 0.006226 -0.023804 -0.009644 
1.319926 18.227180 -3.517258 0.210944 0.500015 0.804712 0.005982 -0.023804 -0.009766 
-2.418592 21.492661 -4.043703 0.226569 0.500015 0.765648 0.005860 -0.023682 -0.009522 
-5.119480 22.980438 -3.807184 0.210944 0.468764 0.742210 0.005860 -0.023682 -0.009888 
-10.643331 20.691549 -5.760369 0.250008 0.507828 0.664083 0.005371 -0.023682 -0.010010 
-13.954589 14.252144 -6.279183 0.203131 0.507828 0.648457 0.005371 -0.023682 -0.010254 
-12.024293 8.018739 2.517777 0.156255 0.484390 0.671896 0.005249 -0.023804 -0.010376 
-12.451551 13.618885 -2.555925 0.195318 0.523453 0.671896 0.005127 -0.023560 -0.010376 
-9.895627 13.229774 -4.097110 0.226569 0.554704 0.671896 0.005005 -0.023682 -0.010498 
6.309702 7.980590 2.021851 0.203131 0.562517 0.687521 0.005005 -0.023804 -0.010376 
13.023774 2.868740 7.858516 0.195318 0.515641 0.695334 0.005005 -0.023927 -0.010132 
8.850368 1.358074 6.805628 0.171880 0.539079 0.765648 0.004883 -0.023804 -0.010254 
5.256813 4.684591 4.966887 0.203131 0.562517 0.718772 0.004883 -0.023682 -0.010010 
5.676443 0.755333 5.867183 0.226569 0.585955 0.703146 0.004761 -0.023804 -0.010132 
4.196295 -0.427259 8.285775 0.226569 0.593768 0.710959 0.004883 -0.023804 -0.009888 
4.654073 -7.400739 10.589923 0.195318 0.585955 0.781274 0.004761 -0.023927 -0.010254 
2.677999 -8.568071 9.529405 0.210944 0.593768 0.781274 0.004761 -0.023927 -0.009888 
-0.633259 -7.240516 7.759331 0.242195 0.578143 0.796899 0.004761 -0.023927 -0.010254 
-0.625629 -7.171850 9.353923 0.265633 0.585955 0.851588 0.005005 -0.023927 -0.010132 
4.531999 -7.477035 12.009033 0.273446 0.539079 0.828150 0.005005 -0.023804 -0.010132 
4.379406 -9.559923 12.115849 0.281259 0.523453 0.828150 0.005005 -0.024049 -0.010010 
-0.038148 -11.299479 11.597034 0.296884 0.515641 0.828150 0.005127 -0.023927 -0.010254 
-1.823481 -12.337108 11.680960 0.257820 0.507828 0.867214 0.005249 -0.023804 -0.010010 
1.571703 -10.055849 7.667776 0.281259 0.484390 0.890652 0.005371 -0.023804 -0.010254 
2.815332 -1.205481 5.409406 0.312510 0.500015 0.835963 0.005249 -0.023804 -0.010010 
2.197333 -0.564592 6.370739 0.296884 0.476577 0.789087 0.005371 -0.023804 -0.010254 
-2.319407 -4.203925 5.172887 0.281259 0.460952 0.789087 0.005249 -0.023682 -0.010132 
-5.096591 -1.129185 -0.160222 0.304697 0.476577 0.804712 0.005371 -0.023560 -0.010254 
-0.602741 -1.449629 -1.327555 0.328135 0.492203 0.781274 0.005371 -0.023438 -0.010132 
2.014222 0.076296 1.342814 0.335948 0.484390 0.773461 0.005371 -0.023560 -0.010010 
2.357555 -0.434889 1.678518 0.328135 0.484390 0.796899 0.005371 -0.023682 -0.010132 
1.976074 0.213630 -0.625629 0.335948 0.492203 0.796899 0.005371 -0.023804 -0.010376 
0.724815 5.500961 -3.898740 0.351573 0.492203 0.773461 0.005249 -0.023682 -0.010254 
5.905332 6.889554 -5.104221 0.335948 0.500015 0.789087 0.005371 -0.023804 -0.010254 
7.049776 11.780145 -7.576220 0.359386 0.421888 0.750023 0.005249 -0.023804 -0.010132 
-8.323923 15.686514 -15.648366 0.375011 0.437513 0.750023 0.005493 -0.023927 -0.010010 
-21.607105 19.928587 -25.757622 0.351573 0.531266 0.773461 0.005005 -0.023804 -0.010254 
-20.355846 22.965178 -26.871548 0.351573 0.593768 0.835963 0.005005 -0.023804 -0.010376 
-4.669332 25.208288 -22.827845 0.351573 0.570330 0.867214 0.004761 -0.023682 -0.010743 
7.583849 35.248878 -11.146886 0.359386 0.640645 0.734397 0.004639 -0.024049 -0.010498 
14.374218 29.747917 -0.167852 0.343760 0.601581 0.773461 0.004273 -0.024171 -0.010498 
13.969848 24.163031 1.960814 0.312510 0.609394 0.781274 0.003906 -0.024171 -0.010376 
14.831996 20.630512 2.273629 0.250008 0.585955 0.781274 0.003540 -0.024049 -0.010010 
18.845181 20.424513 7.194738 0.140629 0.523453 0.890652 0.003662 -0.024415 -0.009888 
16.441847 24.079103 1.060518 0.203131 0.554704 0.835963 0.003174 -0.024293 -0.009644 
6.775109 30.075991 -2.189703 0.210944 0.585955 0.781274 0.002930 -0.024293 -0.009522 
3.791925 16.609699 1.525926 0.179693 0.570330 0.671896 0.002686 -0.024293 -0.009522 
1.770074 -7.377850 3.357036 0.164068 0.593768 0.679708 0.002564 -0.024293 -0.009522 
-2.235481 -14.160588 5.478073 0.148442 0.585955 0.828150 0.002686 -0.024293 -0.009644 
-11.101108 3.044221 9.002960 0.195318 0.578143 0.789087 0.002808 -0.024415 -0.009888 
-0.541704 -13.107699 13.443403 0.179693 0.531266 0.804712 0.002930 -0.024415 -0.009644 
9.620960 -15.625477 11.566515 0.242195 0.507828 0.820338 0.002930 -0.024171 -0.009522 
10.788293 -15.968810 13.420514 0.242195 0.468764 0.804712 0.003174 -0.024293 -0.009522 
9.422590 -13.878292 11.871700 0.273446 0.421888 0.796899 0.003296 -0.024049 -0.009522 
3.311258 -9.781182 9.079257 0.289071 0.429701 0.804712 0.003296 -0.024171 -0.009522 
-7.583849 -9.308146 4.257332 0.312510 0.445326 0.804712 0.003540 -0.024171 -0.009278 
-11.963256 -6.218146 1.091037 0.328135 0.453139 0.726585 0.003296 -0.024049 -0.009400 
-9.506516 -10.093997 -6.218146 0.351573 0.484390 0.742210 0.003662 -0.024049 -0.009644 
-7.728813 -10.994293 -5.752739 0.335948 0.507828 0.804712 0.003784 -0.024049 -0.009644 
-3.601184 -5.813776 -3.875851 0.335948 0.507828 0.757836 0.003906 -0.023927 -0.009888 
2.487258 -0.106815 -3.387555 0.351573 0.492203 0.710959 0.003662 -0.024049 -0.009888 
-4.211555 -5.806147 -2.197333 0.351573 0.507828 0.710959 0.003906 -0.023804 -0.009888 
-11.902219 -9.880367 2.647481 0.296884 0.523453 0.765648 0.004028 -0.023927 -0.010010 
-7.309183 -14.786218 -5.310221 0.265633 0.476577 0.789087 0.004273 -0.024049 -0.010010 
-13.618885 -13.252663 -19.600513 0.281259 0.507828 0.812525 0.004395 -0.023804 -0.010254 
-16.273994 -7.789850 -19.608143 0.351573 0.585955 0.804712 0.004517 -0.023682 -0.010498 
-14.801477 -1.144444 -13.565477 0.359386 0.593768 0.734397 0.004639 -0.023682 -0.010498 
-19.425032 -4.509110 -5.569628 0.328135 0.585955 0.773461 0.004639 -0.023560 -0.010743 
-19.974365 -5.447554 -6.782739 0.335948 0.609394 0.828150 0.004639 -0.023316 -0.010987 
-5.264443 -3.982666 -9.407331 0.351573 0.578143 0.820338 0.004761 -0.023438 -0.010987 
-0.343333 -0.671407 -12.527848 0.351573 0.546892 0.781274 0.004883 -0.023438 -0.011109 
-4.844813 4.150517 -13.649404 0.382824 0.578143 0.773461 0.004883 -0.023438 -0.010987 
-10.422071 9.735405 -13.138218 0.406262 0.625019 0.742210 0.005005 -0.023316 -0.011109 
-4.303110 8.239998 -6.118961 0.398450 0.593768 0.781274 0.004761 -0.023316 -0.010987 
2.212592 9.681997 1.533555 0.343760 0.578143 0.812525 0.004639 -0.023316 -0.011109 
7.278665 16.899624 -0.152593 0.328135 0.546892 0.812525 0.004517 -0.023438 -0.011231 
17.685476 18.417921 -8.270516 0.359386 0.523453 0.773461 0.004395 -0.023438 -0.010987 
17.746513 19.798883 -9.880367 0.320322 0.523453 0.703146 0.004151 -0.023560 -0.010620 
6.393628 19.722588 -13.039033 0.281259 0.507828 0.734397 0.004151 -0.023438 -0.010498 
-4.638813 20.249031 -20.142216 0.281259 0.578143 0.742210 0.004028 -0.023560 -0.010743 
-5.966369 21.790216 -20.119328 0.234382 0.609394 0.812525 0.003662 -0.023560 -0.010865 
5.012665 26.543474 -19.264809 0.226569 0.570330 0.773461 0.003662 -0.023682 -0.010743 
14.007996 24.422438 -20.935698 0.257820 0.648457 0.710959 0.003418 -0.023804 -0.010498 
26.291697 18.211920 -19.501328 0.226569 0.640645 0.734397 0.003418 -0.023804 -0.010254 
30.434584 14.763329 -10.727256 0.171880 0.656270 0.781274 0.003296 -0.024049 -0.009888 
56.466873 15.556810 -9.277627 0.210944 0.601581 0.757836 0.003174 -0.024171 -0.009400 
90.769676 10.864590 -3.936888 0.234382 0.562517 0.679708 0.003052 -0.024537 -0.008057 
100.207527 -4.776147 7.347331 0.179693 0.484390 0.617206 0.002930 -0.024903 -0.007324 
92.028564 -11.597034 6.897183 0.187506 0.460952 0.718772 0.003174 -0.024903 -0.005982 
75.724052 -11.055330 3.807184 0.203131 0.484390 0.765648 0.003174 -0.025025 -0.005249 
86.222420 -11.673330 15.541551 0.210944 0.367199 0.789087 0.003296 -0.025269 -0.004761 
90.105896 -21.500290 13.595996 0.242195 0.367199 0.781274 0.003540 -0.025391 -0.003418 
72.420425 -13.161107 14.954070 0.296884 0.382824 0.875027 0.003418 -0.025513 -0.002808 
72.771385 -13.641774 24.269844 0.265633 0.273446 0.898465 0.003662 -0.025391 -0.001709 
71.443832 -22.072512 26.238289 0.218757 0.195318 1.039094 0.003784 -0.025758 -0.000977 
58.336132 -19.402142 13.977477 0.226569 0.187506 1.054720 0.004028 -0.025513 -0.000244 
50.851467 -7.446517 -0.289926 0.281259 0.218757 1.007843 0.004151 -0.025513 0.000122 
44.206062 -9.079257 0.831629 0.343760 0.250008 0.968780 0.004028 -0.025513 0.000610 
38.163395 -14.053774 5.127110 0.273446 0.218757 0.945341 0.004273 -0.025391 0.001221 
37.507248 -13.992737 4.005554 0.265633 0.203131 0.882839 0.004639 -0.025391 0.001831 
35.920284 -18.868069 10.879848 0.203131 0.156255 0.867214 0.004639 -0.025513 0.002075 
24.971771 -19.363995 10.711997 0.140629 0.093753 0.898465 0.005005 -0.025391 0.002441 
25.780510 -24.155399 -8.941923 0.179693 0.070315 0.890652 0.005127 -0.025269 0.002564 
4.394665 -24.605549 -24.109623 0.195318 0.203131 0.953154 0.005615 -0.025269 0.002686 
-7.026887 -19.516586 -28.008362 0.257820 0.296884 0.953154 0.005615 -0.025269 0.002564 
-8.919034 -21.309549 -22.881252 0.203131 0.328135 0.968780 0.005860 -0.025025 0.002686 
-11.238441 -24.491104 -16.418959 0.210944 0.335948 0.960967 0.006226 -0.025269 0.002686 
-22.103031 -21.080660 -11.505478 0.187506 0.296884 0.945341 0.006470 -0.025147 0.002441 
-43.122654 -20.912809 -8.636738 0.148442 0.250008 0.960967 0.006714 -0.025025 0.001709 
-68.834496 -21.385845 -16.602070 0.148442 0.226569 0.992218 0.006958 -0.025025 0.001465 
-101.207008 -18.021179 -27.916807 0.148442 0.343760 1.062532 0.007324 -0.024903 0.000122 
-104.525894 -11.368145 -29.831842 0.148442 0.390637 0.984405 0.007447 -0.025025 -0.000977 
-92.287971 -13.840144 -37.705620 0.132817 0.312510 0.734397 0.007691 -0.024781 -0.002197 
-127.773369 -25.833918 -43.397320 0.046876 0.312510 0.632832 0.008057 -0.024659 -0.003174 
-184.377579 -31.586657 -60.731834 0.054689 0.492203 0.804712 0.008789 -0.024171 -0.005615 
-190.382095 -24.124882 -60.510574 0.046876 0.625019 0.914090 0.009156 -0.023804 -0.007080 
-176.198608 -20.538958 -58.107243 0.101566 0.625019 0.718772 0.009888 -0.022950 -0.009522 
-173.757141 -20.477921 -42.756432 0.023438 0.632832 0.687521 0.009766 -0.022340 -0.010743 
-211.478012 -21.507919 -37.774284 -0.070315 0.804712 0.703146 0.010743 -0.020997 -0.013184 
-213.957642 -14.404737 -47.753838 0.007813 0.968780 0.882839 0.011109 -0.020264 -0.014527 
-172.093872 2.479629 -31.517990 0.093753 1.085971 0.765648 0.011353 -0.018921 -0.016480 
-95.377975 11.841182 3.334147 0.117191 1.000031 0.585955 0.011353 -0.018311 -0.017212 
-69.261757 5.073702 19.997253 0.070315 0.781274 0.367199 0.010865 -0.017823 -0.017945 
-69.811089 0.877407 35.950806 -0.039064 0.734397 0.335948 0.010743 -0.017457 -0.018799 
-115.543076 8.796961 31.350140 -0.054689 0.734397 0.406262 0.010376 -0.016480 -0.020142 
-115.169228 11.329997 8.560442 -0.031251 0.843776 0.429701 0.010376 -0.015992 -0.020631 
-109.210487 1.831111 -7.873775 -0.007813 0.828150 0.351573 0.010498 -0.015748 -0.020997 
-124.576553 20.897549 -18.921476 0.031251 0.890652 0.250008 0.010620 -0.014405 -0.022217 
-126.171150 21.080660 -20.233772 0.031251 0.890652 0.187506 0.010254 -0.013794 -0.022706 
-129.421371 15.305033 -18.265327 0.109378 1.015656 0.296884 0.010620 -0.012452 -0.023682 
-134.479813 25.536364 -8.774072 0.101566 1.156285 0.289071 0.010498 -0.011719 -0.024049 
-87.275307 30.571917 10.284738 0.109378 1.085971 0.148442 0.010132 -0.010620 -0.024903 
-43.465988 14.534440 28.801844 0.070315 0.937529 0.054689 0.010010 -0.010498 -0.025025 
-32.952362 6.591998 35.149693 0.031251 0.843776 0.062502 0.009278 -0.009888 -0.025391 
-32.555618 -2.830592 30.854214 0.023438 0.882839 0.039064 0.009278 -0.009888 -0.025636 
-63.966797 13.580737 22.888882 0.109378 1.031281 0.062502 0.009033 -0.009156 -0.026124 
-62.211983 25.940733 26.146732 0.117191 1.046907 0.031251 0.008789 -0.008667 -0.026368 
-35.019989 12.199774 38.407543 0.093753 1.007843 -0.039064 0.008179 -0.008057 -0.026734 
-41.337322 7.362590 44.579914 0.117191 0.953154 -0.140629 0.007935 -0.008057 -0.026978 
-52.896206 7.110813 42.428356 0.031251 0.914090 -0.117191 0.007324 -0.007080 -0.027223 
-64.767906 5.508591 34.211250 0.062502 0.929716 -0.093753 0.007080 -0.006836 -0.027589 
-81.064789 16.487625 21.584215 0.164068 1.000031 -0.101566 0.006714 -0.005615 -0.027833 
-86.962494 23.812067 21.767326 0.125004 1.140660 -0.109378 0.006470 -0.005127 -0.028199 
-47.639393 9.445478 21.919920 0.140629 1.031281 -0.140629 0.006348 -0.004761 -0.028199 
-36.721397 -0.312815 26.268806 0.109378 0.945341 -0.312510 0.006104 -0.004151 -0.028321 
-49.737541 0.846889 30.945768 0.101566 0.859401 -0.335948 0.005860 -0.003784 -0.028199 
-89.678642 3.265481 28.527176 0.039064 0.843776 -0.234382 0.005127 -0.002441 -0.028687 
-114.223152 19.226662 9.598071 0.164068 0.953154 -0.187506 0.005371 -0.001587 -0.028809 
-114.246040 40.101322 6.126591 0.234382 0.968780 -0.320322 0.005005 -0.000244 -0.028932 
-116.962189 35.599842 14.915921 0.210944 0.898465 -0.367199 0.005127 0.000488 -0.028932 
-115.916931 29.328287 14.679403 0.125004 0.828150 -0.414075 0.004761 0.002197 -0.028687 
-114.429153 19.959105 7.217628 0.132817 0.812525 -0.343760 0.004639 0.003052 -0.028809 
-129.200104 28.511917 4.615924 0.203131 0.843776 -0.453139 0.004883 0.004883 -0.028443 
-154.629654 54.597614 20.142216 0.132817 0.820338 -0.515641 0.004639 0.005737 -0.028077 
-137.409592 49.592579 22.896511 0.156255 0.718772 -0.468764 0.004517 0.007813 -0.027589