-1.846370 15.518662 3.418073 0.187506 -0.140629 1.296915 0.937529 1.843684 -0.156377 
-13.916440 9.681997 5.951109 0.101566 -0.140629 0.976592 0.906278 1.843684 -0.218879 
-17.685476 9.422590 3.723258 0.085940 -0.140629 1.093783 0.843776 1.874935 -0.406384 
-13.214515 2.403333 -2.090518 0.125004 -0.210944 0.953154 0.875027 1.874935 -0.406384 
-15.411847 1.968444 -5.607776 0.195318 -0.179693 1.015656 0.750023 1.874935 -0.500137 
-15.396588 0.167852 -6.324961 0.273446 -0.156255 0.875027 0.843776 1.874935 -0.562639 
-19.142735 -0.282296 -1.861629 0.265633 -0.125004 0.804712 0.843776 1.906186 -0.750145 
-11.665700 6.118961 -1.503037 0.242195 -0.171880 0.914090 0.843776 1.874935 -0.781396 
-6.134221 8.117924 0.228889 0.203131 -0.242195 1.125034 0.718772 1.874935 -0.812647 
-3.555406 5.386517 4.234443 0.164068 -0.101566 1.117222 0.687521 1.906186 -0.875149 
-7.820368 -0.122074 7.400739 0.210944 -0.062502 1.000031 0.718772 1.937437 -0.843898 
-11.383404 -2.105777 3.761406 0.210944 -0.031251 0.921903 0.750023 1.906186 -0.875149 
-18.066957 -0.206000 4.325999 0.203131 -0.062502 0.992218 0.656270 1.937437 -1.000153 
-19.493698 -2.258370 5.500961 0.210944 -0.085940 1.000031 0.781274 1.937437 -1.093905 
-23.560289 -8.171330 7.507553 0.179693 -0.023438 1.007843 0.843776 1.937437 -1.250160 
-23.743401 -13.237404 4.295480 0.132817 0.000000 1.046907 0.875027 2.031190 -1.406415 
-19.447920 -17.494736 -1.495407 0.148442 -0.015625 0.929716 1.000031 1.999939 -1.500168 
-14.053774 -15.839107 -5.569628 0.164068 -0.031251 0.843776 1.125034 2.062441 -1.531419 
-7.545702 -13.679922 -5.546739 0.054689 0.007813 0.992218 1.125034 2.093692 -1.593921 
-5.806147 -15.663625 -7.728813 0.007813 0.062502 1.015656 1.312540 2.093692 -1.625172 
-11.604663 -21.553698 -9.674368 0.078127 -0.015625 0.953154 1.312540 2.062441 -1.656423 
-8.072145 -23.201696 -11.764885 0.125004 -0.164068 0.937529 1.531297 2.062441 -1.781426 
-6.241035 -15.320292 -4.219184 0.164068 -0.132817 0.851588 1.625050 2.062441 -1.781426 
-5.523850 -5.958739 7.469405 0.171880 -0.078127 0.796899 1.625050 2.093692 -1.812677 
9.453108 9.475997 13.725699 0.109378 -0.023438 0.992218 1.562548 2.093692 -1.718925 
17.830439 13.771478 15.854365 0.070315 0.000000 1.164098 1.437544 2.124943 -1.562670 
40.543839 19.203772 17.220070 0.117191 0.132817 0.968780 1.281289 2.062441 -1.406415 
45.022430 17.471848 15.381329 0.039064 0.132817 0.945341 1.125034 1.999939 -1.031404 
39.338360 17.975403 10.124516 0.078127 0.039064 1.085971 1.000031 1.937437 -0.843898 
40.864285 13.344218 4.295480 0.093753 -0.015625 1.070345 0.906278 1.906186 -0.593890 
35.393841 9.277627 5.745110 0.054689 -0.101566 1.148473 0.875027 1.906186 -0.437635 
52.491837 5.752739 0.442518 0.195318 -0.171880 1.015656 0.812525 1.874935 -0.062624 
52.980133 4.074221 3.448591 0.257820 -0.078127 0.585955 0.812525 1.843684 0.093753 
41.253395 16.060366 4.325999 0.218757 -0.101566 0.593768 0.656270 1.843684 0.406262 
48.585468 31.121250 2.059999 0.203131 -0.312510 0.921903 0.468764 1.874935 0.593768 
60.380871 29.663992 3.524888 0.226569 -0.421888 1.125034 0.250008 1.906186 1.031281 
58.740501 27.161474 3.662221 0.234382 -0.343760 1.070345 0.093753 1.937437 1.281289 
56.627094 17.441328 2.327036 0.210944 -0.289071 0.882839 0.031251 1.968688 1.500046 
43.435467 12.085330 -3.494369 0.242195 -0.304697 0.843776 -0.031373 2.093692 1.781304 
29.503769 9.315775 -1.998962 0.242195 -0.531266 1.031281 -0.062624 2.062441 1.875057 
41.169468 1.586962 1.464888 0.312510 -0.609394 0.945341 -0.125126 2.093692 2.156316 
39.338360 -1.968444 4.066591 0.234382 -0.429701 0.835963 -0.062624 2.093692 2.281320 
37.194435 -4.387036 1.724296 0.226569 -0.500015 0.718772 -0.062624 2.124943 2.500076 
25.025177 -5.851924 -1.930296 0.226569 -0.484390 0.687521 -0.031373 2.124943 2.562578 
23.186438 -0.350963 -4.371777 0.257820 -0.617206 0.843776 -0.031373 2.156194 2.718833 
30.861843 -2.014222 -3.570666 0.257820 -0.718772 1.015656 -0.031373 2.187445 2.812586 
40.795616 -11.368145 3.837703 0.273446 -0.609394 0.726585 0.062502 2.218696 3.062593 
42.580952 -11.589404 3.601184 0.257820 -0.492203 0.398450 0.062502 2.312449 3.187597 
27.733696 -3.700369 -0.328074 0.265633 -0.601581 0.515641 0.062502 2.281198 3.343852 
27.771843 8.178961 -7.461776 0.250008 -0.750023 0.796899 0.031251 2.374950 3.406354 
34.852139 9.437849 -5.836665 0.234382 -0.695334 0.781274 -0.000122 2.468703 3.656362 
21.897030 0.221259 -1.983703 0.210944 -0.562517 0.546892 -0.000122 2.531205 3.718863 
5.447554 -3.707999 -4.257332 0.265633 -0.625019 0.500015 -0.000122 2.499954 3.718863 
-1.709037 -1.525926 -4.150517 0.296884 -0.695334 0.500015 -0.000122 2.468703 3.687613 
-6.172369 5.706961 -7.461776 0.304697 -0.687521 0.523453 -0.093875 2.437452 3.625111 
-11.513107 10.216071 -6.126591 0.351573 -0.750023 0.656270 -0.125126 2.406201 3.625111 
-9.842219 10.063478 -3.425703 0.328135 -0.726585 0.789087 -0.156377 2.406201 3.593860 
-5.607776 5.668813 -2.189703 0.335948 -0.734397 0.703146 -0.218879 2.374950 3.531358 
-17.128513 -1.899777 -0.076296 0.320322 -0.609394 0.640645 -0.218879 2.343699 3.437605 
-24.956511 -2.059999 -1.701407 0.328135 -0.640645 0.546892 -0.187628 2.249947 3.312601 
-36.873989 -0.427259 -2.212592 0.289071 -0.601581 0.835963 -0.156377 2.218696 3.125095 
-29.663992 -1.884518 -5.706961 0.273446 -0.812525 1.101596 -0.187628 2.124943 2.906339 
-26.879177 -20.004883 1.838740 0.265633 -0.734397 0.953154 -0.093875 2.093692 2.781335 
-39.223915 -40.681171 9.697256 0.320322 -0.570330 0.562517 0.187506 1.906186 2.468825 
-44.587543 -40.711693 11.604663 0.250008 -0.500015 0.523453 0.375011 1.874935 2.312571 
-51.149021 -31.174658 5.668813 0.195318 -0.460952 0.570330 0.593768 1.781182 1.906308 
-54.704430 -17.426069 -0.091556 0.148442 -0.476577 0.828150 0.718772 1.687429 1.687551 
-41.047394 -9.552294 -6.317331 0.132817 -0.484390 0.929716 0.781274 1.656178 1.312540 
-48.760948 -17.197180 -5.455184 0.187506 -0.468764 0.710959 0.875027 1.624928 1.156285 
-64.722130 -19.661551 -1.670888 0.242195 -0.351573 0.585955 1.031281 1.624928 0.656270 
-72.466202 -17.319254 0.350963 0.125004 -0.218757 0.929716 1.125034 1.656178 0.406262 
-76.525162 -11.345256 -3.440962 0.046876 -0.140629 1.109409 1.187536 1.624928 -0.187628 
-66.751610 -19.707327 -12.092959 0.062502 -0.164068 1.132847 1.312540 1.593677 -0.406384 
-86.161385 -34.867397 -8.156072 0.125004 -0.109378 0.945341 1.593799 1.687429 -1.093905 
-91.944641 -27.436140 -6.004517 0.250008 -0.195318 0.671896 1.687551 1.812433 -1.500168 
-80.172127 -7.866146 -3.715629 -0.007813 0.093753 1.039094 1.750053 1.874935 -1.750175 
-64.340645 -3.715629 -9.521775 -0.023438 0.140629 1.171911 1.906308 2.062441 -2.250191 
-58.885464 -11.749626 -9.628590 0.007813 0.140629 1.015656 1.843806 2.093692 -2.437696 
-67.987610 -15.243996 -5.378887 0.085940 0.101566 0.828150 2.000061 2.281198 -2.906461 
-66.675316 -5.615406 1.846370 -0.007813 0.148442 0.992218 2.062563 2.374950 -3.093966 
-35.218361 2.357555 -3.585925 -0.007813 0.148442 1.078158 2.031312 2.562456 -3.437727 
-30.953398 1.541185 -1.548814 -0.039064 0.296884 0.953154 2.031312 2.593707 -3.562731 
-48.783836 -7.835627 2.288888 -0.085940 0.460952 0.867214 2.125065 2.781213 -3.843989 
-67.987610 -13.756218 -0.076296 0.039064 0.289071 0.820338 2.156316 2.874966 3.874996 
-72.595901 -12.207404 3.791925 0.039064 0.296884 0.757836 2.218818 3.281228 3.499985 
-54.216133 -1.640370 4.097110 0.000000 0.414075 0.851588 2.125065 3.312479 3.343730 
-43.305763 -0.381481 7.377850 0.039064 0.398450 0.851588 2.156316 3.531236 3.093722 
-43.076878 -0.305185 8.278146 0.031251 0.507828 0.843776 2.125065 3.624989 2.968719 
-31.670584 1.754814 8.056887 -0.015625 0.554704 0.859401 2.093814 3.781243 2.843715 
-31.388287 -0.274667 7.889035 0.015625 0.593768 0.757836 2.000061 3.843745 2.687460 
-32.815029 1.907407 9.331035 -0.054689 0.664083 0.851588 1.937559 3.968749 2.593707 
-25.383770 -1.678518 7.675405 0.000000 0.562517 0.914090 1.937559 4.000000 2.468703 
-21.568956 -5.470443 11.329997 0.031251 0.625019 0.750023 1.843806 -3.843989 2.343699 
-15.800959 -1.838740 11.528367 0.039064 0.609394 0.750023 1.750053 -3.843989 2.343699 
-1.899777 7.400739 11.551256 -0.007813 0.562517 0.921903 1.750053 -3.843989 2.374950 
19.356365 6.157109 12.039552 0.015625 0.601581 0.859401 1.593799 -3.937742 2.406201 
35.386211 5.989257 15.556810 -0.039064 0.664083 0.968780 1.531297 3.937498 2.468703 
46.647541 2.159184 11.833552 0.000000 0.664083 0.953154 1.406293 3.718741 2.718711 
48.814358 -2.273629 12.108218 0.015625 0.562517 0.960967 1.375042 3.562487 2.843715 
52.293465 -9.590442 11.955626 0.085940 0.429701 0.914090 1.375042 3.312479 3.124973 
54.956207 -6.012146 19.249550 0.304697 0.101566 0.757836 1.375042 3.187475 3.343730 
83.941162 13.496811 32.784508 0.312510 0.226569 0.867214 1.093783 2.843715 3.874996 
124.759666 35.416729 34.669025 -0.070315 0.765648 1.273476 0.875027 2.593707 -3.718986 
99.818413 11.970885 19.234291 -0.140629 0.726585 1.265664 0.687521 2.281198 -2.906461 
64.622940 -8.049257 13.206885 0.140629 0.289071 0.929716 0.750023 2.218696 -2.781457 
39.277321 -25.162512 1.823481 0.273446 -0.031251 0.843776 0.937529 2.062441 -2.468947 
64.195686 -9.979552 3.715629 0.250008 -0.046876 0.750023 0.968780 2.062441 -2.281442 
109.294411 17.342142 6.103702 0.148442 0.101566 0.843776 0.843776 1.874935 -1.406415 
124.942780 32.975250 1.846370 -0.039064 0.289071 1.070345 0.687521 1.812433 -0.906400 
116.718040 21.881771 -11.322367 -0.101566 0.250008 1.109409 0.500015 1.718680 -0.031373 
101.176491 10.078738 -16.022217 0.179693 -0.257820 0.867214 0.500015 1.718680 0.281259 
66.156502 -7.538072 -13.191626 0.367199 -0.601581 0.820338 0.593768 1.687429 0.687521 
66.499832 -3.746147 3.799554 0.210944 -0.351573 0.757836 0.625019 1.718680 0.968780 
88.076416 8.026368 4.181036 0.164068 -0.335948 0.703146 0.625019 1.749931 1.250038 
91.853081 17.433699 -0.015259 0.179693 -0.445326 0.835963 0.437513 1.843684 1.937559 
97.720268 17.761772 -0.488296 0.210944 -0.554704 0.898465 0.406262 1.906186 2.312571 
92.043823 11.490219 6.096072 0.125004 -0.539079 0.710959 0.343760 2.156194 2.906339 
69.872124 3.532517 10.017701 0.101566 -0.531266 0.671896 0.343760 2.249947 3.218848 
58.572651 -2.113407 11.856441 0.250008 -0.757836 0.601581 0.375011 2.374950 3.593860 
60.419018 -1.579333 13.389996 0.156255 -0.671896 0.640645 0.406262 2.468703 3.781365 
62.509537 -4.181036 9.353923 0.218757 -0.828150 0.710959 0.468764 2.687460 -3.781365 
66.530350 -5.478073 8.079776 0.257820 -0.906278 0.625019 0.500015 2.812464 -3.562609 
77.890869 -7.362590 13.565477 0.179693 -0.835963 0.453139 0.593768 3.156224 -3.093844 
56.772057 -13.786736 15.442366 0.179693 -0.851588 0.531266 0.656270 3.281228 -2.937590 
40.826138 -25.849178 21.126438 0.164068 -0.843776 0.585955 0.906278 3.406232 -2.718833 
44.595173 -29.709768 19.554735 0.218757 -0.851588 0.281259 1.031281 3.499985 -2.625080 
68.796349 -12.092959 8.270516 -0.007813 -0.664083 0.265633 1.156285 3.874996 -2.281320 
64.813683 -12.153996 3.532517 0.078127 -0.859401 0.296884 1.250038 4.000000 -2.187567 
44.869839 -19.188513 3.761406 0.109378 -0.906278 0.257820 1.281289 -3.781487 -1.937559 
37.461472 -21.042513 5.722220 0.085940 -0.945341 0.312510 1.406293 -3.687735 -1.875057 
30.999176 -17.838068 6.126591 0.148442 -0.929716 0.398450 1.500046 -3.500229 -1.687551 
27.314066 -23.232216 5.386517 0.171880 -1.046907 0.109378 1.593799 -3.406476 -1.687551 
27.367474 -19.997253 6.065554 0.046876 -1.000031 0.281259 1.593799 -3.375225 -1.625050 
23.071993 -23.026215 11.818293 0.023438 -0.906278 0.140629 1.781304 -3.187719 -1.593799 
19.943846 -23.049105 13.824884 0.000000 -0.914090 0.187506 1.812555 -3.125217 -1.531297 
9.491257 -25.315104 12.184515 0.007813 -0.929716 0.179693 2.062563 -3.093966 -1.531297 
4.028443 -23.400066 13.389996 0.015625 -1.000031 0.046876 2.125065 -3.062716 -1.531297 
9.773553 -17.181921 17.517624 -0.109378 -0.937529 0.265633 2.343822 -3.000214 -1.562548 
9.857478 -17.883846 17.105625 -0.101566 -1.054720 0.250008 2.406323 -2.937712 -1.531297 
-10.185553 -27.062288 25.147251 -0.109378 -1.148473 0.203131 2.718833 -3.031465 -1.718802 
-29.320658 -33.616138 42.489395 -0.046876 -1.312540 0.289071 2.843837 -3.093966 -1.781304 
-50.393688 -43.259987 70.207832 -0.109378 -1.171911 0.390637 3.531358 -3.218970 -2.250069 
-60.907314 -56.489761 85.825676 -0.148442 -0.953154 0.031251 3.812616 -3.343974 -2.468825 
-72.603531 -52.911465 91.692863 -0.273446 -0.781274 0.046876 -3.406354 -3.500229 -3.187597 
-72.450943 -50.424206 88.328194 -0.406262 -0.679708 0.242195 -3.093844 -3.562731 -3.500107 
-68.750572 -46.594135 78.417313 -0.476577 -0.585955 0.226569 -2.562578 -3.562731 3.812616 
-48.936428 -36.942657 62.181461 -0.562517 -0.554704 0.320322 -2.406323 -3.593982 3.562609 
-42.962433 -31.731621 46.906948 -0.460952 -0.710959 0.187506 -2.062563 -3.500229 3.093844 
-35.248878 -23.598438 44.801170 -0.531266 -0.671896 0.382824 -1.906308 -3.531480 2.937590 
-34.966583 -23.590807 43.351543 -0.570330 -0.687521 0.367199 -1.718802 -3.500229 2.468825 
-47.242653 -27.779472 46.403393 -0.578143 -0.585955 0.281259 -1.625050 -3.500229 2.187567 
-46.746727 -25.200659 44.923244 -0.617206 -0.531266 0.351573 -1.500046 -3.437727 2.031312 
-41.077915 -21.813105 39.521469 -0.640645 -0.539079 0.421888 -1.343791 -3.375225 1.500046 
-40.749840 -23.255104 40.688805 -0.679708 -0.554704 0.398450 -1.218787 -3.281472 1.343791 
-51.255836 -23.766289 41.100803 -0.687521 -0.539079 0.406262 -1.125034 -3.218970 0.906278 
-51.034576 -25.284586 42.596210 -0.726585 -0.531266 0.507828 -1.031281 -3.125217 0.656270 
-47.349468 -25.666067 44.671467 -0.812525 -0.382824 0.539079 -0.937529 -2.968963 0.218757 
-39.345989 -26.955473 39.254433 -0.835963 -0.382824 0.359386 -0.875027 -2.843959 -0.031373 
-48.600727 -23.194067 37.469101 -0.843776 -0.335948 0.398450 -0.750023 -2.687704 -0.406384 
-64.622940 -26.909697 44.526505 -0.812525 -0.312510 0.476577 -0.781274 -2.562700 -0.687643 
-48.867764 -23.575548 42.863247 -0.882839 -0.210944 0.390637 -0.718772 -2.312693 -1.125156 
-45.052948 -19.821772 39.353619 -0.882839 -0.179693 0.179693 -0.718772 -2.156438 -1.312662 
-54.315319 -11.955626 39.269691 -0.882839 -0.101566 0.195318 -0.750023 -2.000183 -1.750175 
-70.024719 -6.012146 41.161839 -0.882839 -0.046876 0.312510 -0.812525 -1.906430 -1.937681 
-74.159981 -5.966369 44.801170 -0.875027 -0.046876 0.656270 -0.906278 -1.718925 -2.343944 
-70.421463 -19.440290 48.844875 -0.890652 0.046876 0.648457 -0.937529 -1.500168 -2.562700 
-64.104126 -23.178808 49.287392 -0.875027 0.085940 0.187506 -1.062532 -1.156407 -2.937712 
-43.221840 -12.184515 46.555984 -0.835963 0.031251 0.039064 -1.156285 -1.062654 -3.062716 
-45.167393 3.814814 47.311317 -0.835963 0.218757 0.242195 -1.187536 -0.968902 -3.281472 
-56.733910 5.470443 48.821987 -0.960967 0.476577 0.632832 -1.375042 -0.843898 -3.531480 
-40.917690 1.731925 37.308876 -0.867214 0.296884 0.296884 -1.468795 -0.718894 -3.656484 
-17.426069 11.764885 27.718435 -0.835963 0.179693 0.117191 -1.593799 -0.718894 -3.812738 
-17.509995 19.814142 29.122288 -0.750023 0.085940 0.148442 -1.656301 -0.687643 -3.875240 
-31.441694 29.503769 37.171543 -0.984405 0.632832 0.937529 -1.812555 -0.781396 4.000000 
-42.855618 5.996887 33.669544 -0.859401 0.484390 0.476577 -1.906308 -0.656392 3.874996 
-21.813105 5.478073 25.429548 -0.789087 0.398450 0.093753 -2.000061 -0.593890 3.749992 
-14.152959 21.805475 27.314066 -0.726585 0.390637 -0.195318 -2.093814 -0.593890 3.687490 
-26.947844 46.540726 31.006805 -0.734397 0.570330 0.273446 -2.218818 -0.781396 3.593738 
-37.560654 47.021393 33.104954 -1.000031 0.898465 1.039094 -2.343822 -0.781396 3.499985 
-41.421246 17.677847 17.830439 -0.710959 0.507828 0.273446 -2.437574 -0.750145 3.406232 
-17.479477 17.891476 13.183996 -0.718772 0.507828 0.007813 -2.437574 -0.718894 3.343730 
-11.711478 38.613544 15.732291 -0.640645 0.546892 -0.156255 -2.562578 -0.937651 3.281228 
-31.121250 60.457169 25.086214 -0.593768 0.671896 0.281259 -2.687582 -0.968902 3.187475 
-41.238136 64.867088 31.220436 -0.718772 0.734397 0.867214 -2.906339 -1.156407 2.906217 
-24.933622 60.106205 23.354290 -0.656270 0.562517 0.765648 -3.000092 -1.250160 2.874966 
4.272591 45.121616 15.327921 -0.492203 0.484390 0.320322 -3.187597 -1.531419 2.749962 
-1.777703 45.205544 25.070955 -0.437513 0.562517 0.257820 -3.281350 -1.562670 2.687460 
-21.446882 58.404797 33.333843 -0.468764 0.695334 0.562517 -3.468856 -1.718925 2.593707 
-7.911923 58.542130 31.342508 -0.625019 0.812525 1.007843 -3.750114 -1.812677 2.406201 
6.157109 52.301094 23.598438 -0.515641 0.781274 0.632832 -3.906369 -1.968932 2.374950 
33.211769 45.182652 12.176886 -0.382824 0.656270 0.367199 3.937620 -2.281442 2.406201 
36.927395 52.385021 8.148442 -0.343760 0.695334 0.328135 3.812616 -2.531449 2.374950 
11.543626 58.549759 13.222144 -0.296884 0.601581 0.570330 3.593860 -2.750206 2.374950 
0.190741 64.867088 17.998291 -0.343760 0.640645 0.890652 3.375103 -2.875210 2.281198 
27.428511 62.677387 13.451033 -0.320322 0.632832 0.851588 3.093844 -3.093966 2.281198 
41.276283 64.683983 9.399701 -0.140629 0.578143 0.546892 2.937590 -3.343974 2.312449 
31.548510 72.038940 13.420514 -0.070315 0.695334 0.437513 2.531327 -3.593982 2.374950 
3.486740 72.649315 17.525253 -0.148442 0.695334 0.804712 2.281320 -3.687735 2.249947 
10.231330 66.751610 9.331035 -0.117191 0.562517 0.992218 1.968810 -3.781487 2.249947 
29.412214 62.097538 3.944517 0.000000 0.492203 0.812525 1.781304 -3.937742 2.249947 
34.791100 58.969391 5.623035 0.070315 0.500015 0.726585 1.468795 3.906247 2.312449 
7.637257 55.078281 11.879330 0.054689 0.617206 0.718772 1.250038 3.874996 2.312449 
9.414960 60.525833 9.575182 0.117191 0.445326 0.820338 0.906278 3.781243 2.312449 
27.191992 64.905243 9.453108 0.195318 0.382824 0.929716 0.656270 3.749992 2.312449 
41.398357 62.189095 13.412885 0.140629 0.523453 0.976592 0.281259 3.499985 2.499954 
29.045992 47.090061 11.886959 0.179693 0.625019 0.835963 0.031251 3.499985 2.562456 
21.713919 44.572285 11.268960 0.210944 0.531266 0.789087 -0.062624 3.468734 2.624958 
17.479477 44.663837 7.385479 0.343760 0.382824 0.757836 -0.406384 3.437483 2.624958 
23.667105 50.988800 9.468368 0.375011 0.429701 0.765648 -0.562639 3.406232 2.718711 
34.936062 54.773094 8.110294 0.367199 0.531266 0.843776 -0.906400 3.312479 2.843715 
13.245033 47.151096 4.371777 0.375011 0.492203 0.812525 -1.062654 3.374981 2.812464 
13.946959 47.021393 -1.632740 0.484390 0.304697 0.781274 -1.375164 3.437483 2.874966 
19.959105 49.134800 -0.427259 0.609394 0.179693 0.687521 -1.468917 3.499985 2.874966 
33.234657 60.068058 5.493332 0.679708 0.156255 0.664083 -1.906430 3.406232 3.031220 
46.983246 69.994202 13.550219 0.640645 0.195318 0.875027 -2.125187 3.499985 3.156224 
52.522354 68.514053 19.119846 0.648457 0.257820 0.773461 -2.687704 3.499985 3.499985 
44.724876 66.362495 19.486069 0.617206 0.359386 0.796899 -2.875210 3.531236 3.718741 
41.398357 62.852871 17.387920 0.664083 0.359386 0.695334 -3.375225 3.656240 3.968749 
43.221840 60.953094 10.078738 0.710959 0.312510 0.671896 -3.500229 3.656240 -3.875240 
44.534134 60.640278 5.561998 0.750023 0.257820 0.679708 -3.875240 3.812494 -3.625233 
41.131321 58.603168 1.968444 0.804712 0.132817 0.687521 3.968749 3.906247 -3.531480 
37.575916 52.514725 5.798517 0.843776 0.062502 0.632832 3.687490 -3.937742 -3.312723 
38.979767 47.120579 12.184515 0.812525 0.078127 0.593768 3.562487 -3.875240 -3.156468 
40.780357 45.319988 13.718070 0.789087 0.062502 0.687521 3.249977 -3.781487 -2.875210 
41.222878 42.580952 13.969848 0.789087 0.109378 0.609394 3.156224 -3.718986 -2.781457 
40.681171 31.579027 11.642812 0.765648 0.109378 0.570330 3.093722 -3.593982 -2.531449 
29.663992 19.959105 7.324442 0.843776 0.062502 0.445326 2.968719 -3.593982 -2.468947 
9.331035 11.558886 5.958739 0.867214 0.000000 0.414075 2.937468 -3.593982 -2.500198 
9.437849 13.389996 3.707999 0.906278 -0.039064 0.359386 2.874966 -3.562731 -2.406446 
11.940367 15.350810 2.395703 0.937529 -0.054689 0.335948 2.843715 -3.531480 -2.437696 
9.903256 19.775993 3.875851 0.906278 -0.007813 0.429701 2.781213 -3.437727 -2.375195 
14.076662 23.552660 3.715629 0.929716 0.000000 0.414075 2.687460 -3.375225 -2.312693 
17.349773 26.955473 0.045778 0.968780 -0.015625 0.351573 2.593707 -3.187719 -2.281442 
11.589404 31.067842 3.448591 0.945341 0.007813 0.382824 2.499954 -3.156468 -2.250191 
15.594958 35.157322 2.204962 0.937529 -0.078127 0.531266 2.406201 -3.000214 -2.156438 
25.833918 34.684284 3.814814 0.914090 -0.085940 0.578143 2.343699 -2.937712 -2.093936 
15.724662 19.684439 8.049257 0.828150 0.031251 0.640645 2.249947 -2.812708 -2.031434 
19.837030 6.157109 3.433332 0.867214 0.039064 0.593768 2.218696 -2.843959 -2.000183 
25.322733 -6.347850 -4.348887 0.921903 0.007813 0.390637 2.218696 -2.906461 -2.000183 
23.773918 -15.320292 -5.951109 0.953154 -0.148442 0.460952 2.281198 -3.031465 -2.031434 
27.047029 -21.118809 -3.913999 0.960967 -0.179693 0.554704 2.437452 -3.281472 -1.968932 
18.059328 -39.101841 4.272591 0.898465 0.093753 0.289071 2.499954 -3.437727 -1.968932 
-5.836665 -47.303688 1.976074 0.867214 0.031251 0.382824 2.812464 -3.718986 -2.031434 
-12.039552 -46.952728 -5.500961 0.898465 -0.085940 0.445326 2.968719 -3.875240 -2.125187 
-2.334666 -45.289467 -3.990295 0.984405 -0.281259 0.437513 3.281228 3.843745 -2.218940 
5.424665 -44.557022 2.151555 0.921903 -0.281259 0.718772 3.374981 3.687490 -2.218940 
9.681997 -47.242653 6.179998 0.898465 -0.070315 0.515641 3.499985 3.531236 -2.218940 
7.415998 -49.211098 10.231330 0.921903 -0.070315 0.414075 3.843745 3.218726 -2.156438 
-1.579333 -42.527542 7.881405 0.867214 -0.085940 0.476577 3.874996 3.156224 -2.062685 
1.663259 -35.309914 7.530442 0.773461 -0.101566 0.757836 -3.843989 2.906217 -2.000183 
10.238960 -46.769615 6.340220 0.718772 -0.140629 0.945341 -3.750237 2.812464 -1.968932 
9.880367 -54.712059 8.064516 0.828150 -0.085940 0.640645 -3.343974 2.531205 -1.843928 
-6.080813 -60.846279 11.734366 0.828150 -0.039064 0.390637 -3.187719 2.406201 -1.843928 
-7.354961 -48.463394 10.208442 0.726585 -0.070315 0.648457 -2.812708 2.218696 -1.875179 
9.430220 -39.124729 7.393109 0.632832 -0.171880 0.953154 -2.718955 2.124943 -1.750175 
3.692740 -50.752281 11.795403 0.617206 -0.054689 1.023469 -2.343944 1.874935 -1.687674 
-9.895627 -68.300423 11.810663 0.648457 0.000000 0.843776 -2.093936 1.812433 -1.687674 
-13.458663 -72.382278 9.475997 0.695334 -0.281259 0.773461 -1.500168 1.624928 -1.750175 
-21.362957 -73.831902 11.909848 0.570330 -0.195318 0.734397 -1.281411 1.562426 -1.781426 
-29.641102 -68.315681 17.662588 0.453139 -0.117191 1.046907 -0.687643 1.468673 -1.906430 
-25.475327 -70.284126 15.663625 0.445326 -0.132817 1.164098 -0.500137 1.406171 -2.031434 
-19.112217 -76.097900 15.655995 0.468764 -0.117191 0.875027 0.125004 1.312418 -2.093936 
-35.554062 -72.435684 19.432661 0.328135 0.015625 0.890652 0.406262 1.374920 -2.156438 
-35.554062 -69.963684 17.502365 0.234382 -0.054689 1.007843 0.937529 1.374920 -2.437696 
-31.449324 -66.545609 15.259254 0.210944 -0.070315 1.031281 1.156285 1.406171 -2.468947 
-29.755547 -69.895020 16.060366 0.164068 0.039064 0.992218 1.437544 1.499924 -2.593951 
-35.454880 -70.604568 19.280067 0.078127 0.101566 0.875027 1.906308 1.624928 -2.781457 
-36.965546 -66.354866 17.090364 0.015625 0.046876 1.007843 2.156316 1.687429 -2.906461 
-33.440659 -64.638206 17.197180 -0.015625 0.078127 1.046907 2.593829 1.874935 -3.156468 
-19.539476 -66.347237 16.052736 -0.054689 0.125004 0.828150 2.843837 1.999939 -3.187719 
-29.236732 -68.002869 17.960142 -0.109378 0.164068 0.804712 3.250099 2.187445 -3.406476 
-41.489914 -64.279610 19.608143 -0.187506 0.156255 0.875027 3.437605 2.374950 -3.500229 
-38.689842 -55.146946 19.043550 -0.195318 0.226569 0.789087 3.750114 2.624958 -3.812738 
-27.550585 -48.677021 15.213477 -0.312510 0.304697 0.929716 3.843867 2.843715 -3.843989 
-25.856808 -48.387096 13.512070 -0.281259 0.203131 0.898465 -3.937620 3.062471 4.000000 
-29.213842 -48.997467 15.549181 -0.351573 0.218757 0.875027 -3.781365 3.187475 3.843745 
-29.679251 -47.082432 17.708364 -0.359386 0.226569 0.765648 -3.625111 3.468734 3.593738 
-41.314434 -49.066135 21.271400 -0.335948 0.289071 0.703146 -3.531358 3.656240 3.531236 
-35.340435 -48.471024 17.784662 -0.500015 0.468764 0.937529 -3.406354 3.968749 3.312479 
-27.611622 -46.823025 13.290811 -0.429701 0.398450 0.625019 -3.312601 -3.812738 3.249977 
-21.416365 -41.436504 9.895627 -0.468764 0.328135 0.609394 -3.187597 -3.593982 3.093722 
-25.688955 -37.209694 11.902219 -0.468764 0.390637 0.640645 -3.218848 -3.437727 2.999969 
-31.716360 -37.141026 16.045107 -0.453139 0.367199 0.656270 -3.125095 -3.187719 2.906217 
-25.688955 -35.004730 19.402142 -0.507828 0.492203 0.656270 -3.125095 -3.031465 2.812464 
-21.835993 -33.265175 17.334513 -0.523453 0.507828 0.593768 -3.093844 -2.906461 2.718711 
-19.829401 -30.816065 13.893552 -0.531266 0.515641 0.554704 -3.062593 -2.656453 2.624958 
-19.371624 -27.146214 11.841182 -0.554704 0.539079 0.593768 -3.125095 -2.531449 2.562456 
-19.203772 -27.634510 12.115849 -0.562517 0.539079 0.578143 -3.093844 -2.375195 2.468703 
-19.676809 -25.826288 13.496811 -0.601581 0.570330 0.656270 -3.093844 -2.250191 2.437452 
-33.608509 -33.356731 15.533921 -0.562517 0.554704 0.523453 -3.062593 -1.968932 2.343699 
-33.036285 -33.104954 17.418440 -0.523453 0.539079 0.523453 -3.125095 -1.781426 2.281198 
-23.514511 -30.854214 19.188513 -0.617206 0.617206 0.460952 -3.125095 -1.562670 2.156194 
-19.882809 -29.595325 16.075624 -0.617206 0.671896 0.398450 -3.187597 -1.468917 2.124943 
-29.770805 -33.425396 17.586290 -0.601581 0.679708 0.406262 -3.250099 -1.187658 2.062441 
-32.998138 -36.637470 17.502365 -0.632832 0.703146 0.265633 -3.250099 -1.000153 1.968688 
-27.520065 -30.884731 13.939329 -0.617206 0.687521 0.242195 -3.375103 -0.687643 1.937437 
-19.318216 -25.849178 14.107181 -0.601581 0.671896 0.273446 -3.375103 -0.625141 1.937437 
-17.235329 -25.139622 15.427107 -0.718772 0.835963 0.179693 -3.468856 -0.437635 1.874935 
-15.717032 -19.646290 7.995850 -0.718772 0.875027 0.179693 -3.500107 -0.343883 1.906186 
-13.344218 -13.634144 -0.068667 -0.640645 0.726585 0.109378 -3.468856 -0.187628 1.906186 
-11.474959 -1.731925 -4.158147 -0.601581 0.703146 0.195318 -3.468856 -0.156377 1.874935 
0.434889 4.242073 -7.446517 -0.656270 0.656270 0.515641 -3.468856 -0.218879 1.906186 
-1.899777 -1.678518 -4.020813 -0.632832 0.710959 0.335948 -3.406354 -0.125126 1.906186 
-9.735405 -11.787774 -2.281259 -0.562517 0.625019 0.203131 -3.406354 -0.125126 1.999939 
-21.217993 -15.511032 0.167852 -0.601581 0.679708 0.234382 -3.468856 0.093753 1.968688 
-13.420514 -12.192144 1.838740 -0.648457 0.718772 0.359386 -3.406354 0.156255 1.999939 
-14.038514 -18.059328 0.152593 -0.656270 0.734397 0.390637 -3.468856 0.312510 1.968688 
-23.438215 -27.665030 0.465407 -0.664083 0.742210 0.218757 -3.500107 0.406262 1.968688 
-23.133030 -30.861843 0.282296 -0.632832 0.726585 0.031251 -3.500107 0.656270 2.062441 
-15.236366 -25.559252 -4.005554 -0.679708 0.765648 0.156255 -3.531358 0.750023 2.093692 
-12.031922 -23.575548 -7.614368 -0.671896 0.773461 0.093753 -3.500107 1.000031 2.187445 
-17.136143 -27.169104 -9.895627 -0.656270 0.656270 -0.039064 -3.500107 1.093783 2.249947 
-19.142735 -21.591845 -10.010071 -0.617206 0.625019 0.007813 -3.500107 1.250038 2.343699 
-9.529405 -15.854365 -7.400739 -0.726585 0.726585 0.148442 -3.468856 1.281289 2.406201 
-9.804071 -19.089327 -4.211555 -0.695334 0.742210 -0.023438 -3.500107 1.500046 2.468703 
-7.889035 -19.493698 -7.568590 -0.718772 0.718772 -0.117191 -3.500107 1.531297 2.499954 
-9.857478 -13.801996 -7.728813 -0.734397 0.710959 0.039064 -3.500107 1.687551 2.593707 
-15.221107 -14.007996 -6.111331 -0.703146 0.679708 0.070315 -3.437605 1.781304 2.656209 
-11.291848 -17.380291 -5.500961 -0.757836 0.742210 -0.023438 -3.562609 1.937559 2.781213 
-8.003479 -15.472884 -6.134221 -0.734397 0.695334 -0.078127 -3.500107 1.937559 2.781213 
-8.255257 -13.657033 -7.339702 -0.757836 0.757836 -0.093753 -3.531358 2.093814 2.843715 
-5.859554 -11.757256 -10.185553 -0.773461 0.789087 -0.085940 -3.500107 2.156316 2.937468 
-7.751701 -10.223701 -11.947996 -0.734397 0.687521 -0.125004 -3.531358 2.250069 3.031220 
-9.674368 -11.398664 -11.864071 -0.710959 0.617206 -0.054689 -3.531358 2.406323 3.093722 
-6.157109 -13.382366 -11.589404 -0.734397 0.640645 -0.093753 -3.531358 2.468825 3.156224 
-3.913999 -13.275552 -11.703849 -0.742210 0.656270 -0.164068 -3.531358 2.562578 3.249977 
-9.544663 -10.025331 -11.673330 -0.742210 0.640645 -0.242195 -3.531358 2.656331 3.281228 
-11.345256 -8.018739 -13.542588 -0.726585 0.632832 -0.281259 -3.531358 2.781335 3.406232 
-8.026368 -5.745110 -15.205848 -0.718772 0.539079 -0.039064 -3.500107 2.875088 3.468734 
0.427259 -7.820368 -11.825922 -0.718772 0.531266 -0.125004 -3.500107 2.968841 3.531236 
-3.646962 -11.673330 -8.178961 -0.742210 0.562517 -0.265633 -3.531358 3.031343 3.562487 
-7.469405 -9.895627 -7.751701 -0.765648 0.609394 -0.234382 -3.531358 3.093844 3.562487 
-8.224738 -7.576220 -7.858516 -0.812525 0.601581 -0.148442 -3.562609 3.187597 3.656240 
-6.035035 -9.704886 -11.520738 -0.742210 0.492203 -0.203131 -3.531358 3.281350 3.718741 
5.790887 -6.202887 -11.520738 -0.734397 0.500015 -0.304697 -3.562609 3.281350 3.781243 
7.393109 -5.439924 -7.812738 -0.789087 0.570330 -0.273446 -3.531358 3.281350 3.749992 
-2.006592 -4.394665 -4.104740 -0.812525 0.648457 -0.242195 -3.562609 3.375103 3.812494 
-5.661183 -3.929258 -6.103702 -0.804712 0.625019 -0.234382 -3.562609 3.343852 3.843745 
-9.422590 -4.020813 -7.538072 -0.789087 0.539079 -0.179693 -3.562609 3.375103 3.843745 
-2.159184 -5.661183 -7.736442 -0.804712 0.562517 -0.234382 -3.562609 3.500107 3.906247 
1.564074 -1.815851 -7.965331 -0.773461 0.578143 -0.289071 -3.562609 3.500107 3.906247 
7.728813 3.769036 -9.514145 -0.750023 0.507828 -0.367199 -3.593860 3.500107 3.968749 
11.589404 9.537034 -7.858516 -0.796899 0.546892 -0.250008 -3.468856 3.437605 3.874996 
25.864437 17.876217 -11.459701 -0.773461 0.531266 -0.304697 -3.437605 3.343852 3.906247 
56.222725 33.623768 -15.205848 -0.820338 0.539079 -0.226569 -3.187597 2.937590 3.687490 
68.674278 46.449173 -17.830439 -0.851588 0.570330 -0.156255 -3.062593 2.718833 3.593738 
76.075012 53.140354 -19.882809 -0.867214 0.546892 -0.039064 -2.781335 2.093814 3.374981 
78.333382 56.772057 -21.843622 -0.882839 0.507828 0.078127 -2.656331 1.750053 3.312479 
74.205757 56.398205 -20.012512 -0.882839 0.492203 0.125004 -2.468825 1.125034 3.281228 
58.847317 48.638874 -15.701773 -0.890652 0.507828 0.164068 -2.343822 0.875027 3.281228 
48.493912 44.892727 -15.243996 -0.875027 0.429701 0.296884 -2.218818 0.375011 3.312479 
46.403393 40.658283 -15.434736 -0.843776 0.398450 0.250008 -2.187567 0.156255 3.343730 
53.209023 44.923244 -17.181921 -0.851588 0.359386 0.414075 -2.093814 -0.312632 3.406232 
54.956207 44.518875 -17.128513 -0.843776 0.289071 0.492203 -2.062563 -0.562639 3.406232 
52.339245 35.294655 -15.587329 -0.812525 0.304697 0.359386 -1.968810 -0.968902 3.531236 
46.525467 32.982880 -12.184515 -0.828150 0.343760 0.359386 -2.000061 -1.156407 3.593738 
43.031097 34.669025 -13.222144 -0.859401 0.398450 0.531266 -1.937559 -1.562670 3.718741 
31.044954 27.504807 -13.985107 -0.796899 0.304697 0.460952 -1.937559 -1.625172 3.812494 
25.688955 25.811029 -15.449995 -0.750023 0.218757 0.468764 -1.906308 -1.812677 3.843745 
28.809473 29.465620 -15.526292 -0.765648 0.226569 0.617206 -1.906308 -2.062685 3.968749 
31.495102 29.580065 -13.191626 -0.765648 0.242195 0.679708 -1.937559 -2.281442 -3.937742 
21.584215 21.515549 -9.895627 -0.757836 0.226569 0.601581 -1.968810 -2.437696 -3.843989 
17.372662 19.486069 -10.185553 -0.718772 0.156255 0.562517 -2.000061 -2.562700 -3.750237 
19.478439 19.775993 -11.436811 -0.710959 0.156255 0.664083 -1.968810 -2.718955 -3.656484 
22.965178 17.845699 -9.697256 -0.695334 0.093753 0.625019 -1.968810 -2.781457 -3.593982 
19.981995 18.051699 -7.873775 -0.695334 0.140629 0.601581 -2.031312 -2.968963 -3.500229 
15.732291 19.356365 -8.011108 -0.695334 0.156255 0.632832 -1.968810 -3.062716 -3.406476 
13.626514 17.212439 -8.011108 -0.703146 0.125004 0.695334 -2.062563 -3.125217 -3.343974 
11.970885 15.778069 -7.728813 -0.671896 0.070315 0.703146 -2.062563 -3.281472 -3.281472 
15.610218 15.289773 -5.699332 -0.679708 0.085940 0.703146 -2.125065 -3.343974 -3.187719 
15.373699 13.817255 -4.066591 -0.679708 0.140629 0.703146 -2.125065 -3.406476 -3.125217 
17.151402 13.954589 -5.668813 -0.703146 0.125004 0.671896 -2.156316 -3.500229 -3.093966 
17.296366 15.297403 -7.812738 -0.671896 0.109378 0.664083 -2.187567 -3.593982 -3.000214 
14.030885 17.387920 -6.294443 -0.671896 0.085940 0.726585 -2.250069 -3.687735 -2.937712 
15.404218 15.869625 -7.538072 -0.664083 0.062502 0.750023 -2.250069 -3.750237 -2.843959 
15.938292 15.770440 -6.096072 -0.632832 0.039064 0.710959 -2.281320 -3.843989 -2.750206 
19.280067 17.395550 -6.210516 -0.625019 0.046876 0.757836 -2.343822 4.000000 -2.656453 
19.058809 19.081697 -6.126591 -0.632832 0.078127 0.734397 -2.406323 -3.968993 -2.625202 
16.090883 17.250587 -8.148442 -0.585955 0.039064 0.671896 -2.437574 3.781243 -2.500198 
19.142735 21.942808 -11.619923 -0.562517 -0.007813 0.710959 -2.468825 3.812494 -2.468947 
25.109104 27.382732 -11.436811 -0.554704 -0.031251 0.750023 -2.593829 3.562487 -2.250191 
32.944733 31.228065 -12.131107 -0.531266 0.007813 0.679708 -2.625080 3.531236 -2.187689 
39.048431 35.035248 -14.122440 -0.531266 -0.054689 0.757836 -2.812586 3.249977 -1.812677 
39.490952 39.429913 -19.196142 -0.500015 -0.070315 0.757836 -2.906339 3.156224 -1.687674 
34.676655 39.307838 -17.921995 -0.468764 -0.148442 0.765648 -3.156346 2.937468 -1.375164 
29.755547 40.581989 -19.447920 -0.453139 -0.187506 0.867214 -3.281350 2.781213 -1.281411 
29.259621 37.507248 -17.509995 -0.406262 -0.195318 0.937529 -3.531358 2.593707 -1.000153 
25.597401 33.303322 -15.221107 -0.367199 -0.234382 0.828150 -3.625111 2.531205 -0.906400 
23.659475 33.066807 -13.794366 -0.359386 -0.226569 0.812525 -3.843867 2.406201 -0.625141 
23.216955 34.730064 -15.305033 -0.320322 -0.273446 0.898465 -3.906369 2.343699 -0.562639 
23.583178 35.088657 -14.145329 -0.312510 -0.289071 0.984405 3.750114 2.218696 -0.312632 
23.659475 31.456953 -15.213477 -0.289071 -0.335948 0.953154 3.687613 2.124943 -0.281381 
17.212439 27.161474 -13.573107 -0.304697 -0.265633 0.921903 3.468856 2.062441 -0.031373 
11.833552 25.574511 -13.710441 -0.265633 -0.328135 0.976592 3.375103 1.999939 -0.000122 
5.539110 23.270363 -15.579700 -0.195318 -0.421888 0.960967 3.343852 1.999939 -0.000122 
9.353923 21.759697 -11.780145 -0.171880 -0.406262 0.882839 3.156346 1.968688 0.062502 
13.618885 25.452436 -10.208442 -0.171880 -0.367199 0.882839 3.031343 1.874935 0.156255 
11.421552 29.183325 -13.451033 -0.164068 -0.335948 0.984405 2.843837 1.874935 0.250008 
7.438887 25.383770 -11.986145 -0.132817 -0.429701 1.015656 2.687582 1.843684 0.312510 
7.965331 21.691031 -11.833552 -0.109378 -0.414075 0.929716 2.562578 1.812433 0.406262 
11.284219 21.195105 -10.010071 -0.117191 -0.367199 0.929716 2.531327 1.749931 0.437513 
9.712516 19.661551 -11.429182 -0.101566 -0.382824 0.968780 2.343822 1.749931 0.531266 
9.941404 19.219032 -11.642812 -0.062502 -0.429701 0.937529 2.250069 1.749931 0.562517 
10.185553 17.708364 -11.696218 -0.039064 -0.406262 0.875027 2.125065 1.749931 0.687521 
11.619923 18.044069 -9.872738 -0.039064 -0.414075 0.859401 2.000061 1.718680 0.718772 
12.146367 21.286661 -11.841182 -0.015625 -0.398450 0.867214 1.875057 1.718680 0.843776 
13.664662 19.592882 -13.557848 -0.031251 -0.437513 0.929716 1.750053 1.687429 0.906278 
10.132145 17.990662 -10.185553 0.015625 -0.421888 0.898465 1.625050 1.687429 0.968780 
9.765924 15.655995 -9.575182 0.015625 -0.445326 0.937529 1.562548 1.687429 1.031281 
9.300516 13.328959 -9.369183 0.023438 -0.445326 0.882839 1.437544 1.687429 1.062532 
7.591479 12.024293 -7.919553 0.054689 -0.429701 0.765648 1.406293 1.656178 1.125034 
2.288888 15.198217 -9.697256 0.070315 -0.406262 0.789087 1.250038 1.656178 1.156285 
4.181036 17.868587 -11.650441 0.070315 -0.460952 0.937529 1.187536 1.687429 1.156285 
6.294443 15.839107 -11.314737 0.093753 -0.453139 0.898465 1.062532 1.656178 1.187536 
2.281259 13.863033 -9.796441 0.132817 -0.460952 0.867214 0.968780 1.687429 1.187536 
3.616443 15.144811 -11.665700 0.125004 -0.453139 0.875027 0.875027 1.718680 1.218787 
2.372814 15.869625 -11.436811 0.171880 -0.468764 0.828150 0.750023 1.687429 1.218787 
3.707999 19.241920 -11.864071 0.171880 -0.492203 0.875027 0.687521 1.718680 1.250038 
4.150517 17.983032 -11.970885 0.179693 -0.453139 0.898465 0.531266 1.687429 1.281289 
3.570666 19.341105 -15.274514 0.179693 -0.421888 0.921903 0.437513 1.687429 1.250038 
3.814814 16.060366 -15.633106 0.195318 -0.500015 0.875027 0.281259 1.718680 1.281289 
0.465407 15.633106 -17.426069 0.250008 -0.476577 0.882839 0.156255 1.718680 1.281289 
3.830073 15.945921 -15.717032 0.257820 -0.515641 0.914090 0.093753 1.781182 1.281289 
5.767998 15.572069 -15.640737 0.273446 -0.492203 0.859401 -0.000122 1.749931 1.312540 
5.737480 13.901181 -11.841182 0.281259 -0.445326 0.796899 -0.125126 1.781182 1.312540 
7.530442 15.884884 -11.955626 0.296884 -0.453139 0.820338 -0.187628 1.812433 1.343791 
11.558886 17.242958 -13.657033 0.312510 -0.500015 0.804712 -0.281381 1.843684 1.375042 
12.085330 19.249550 -13.542588 0.328135 -0.531266 0.828150 -0.437635 1.874935 1.437544 
14.145329 17.738884 -9.804071 0.335948 -0.460952 0.812525 -0.562639 1.874935 1.531297 
11.757256 15.930662 -9.537034 0.320322 -0.453139 0.820338 -0.656392 1.937437 1.531297 
11.337626 15.266885 -9.636219 0.351573 -0.507828 0.789087 -0.718894 1.906186 1.593799 
11.597034 13.260292 -7.705924 0.359386 -0.507828 0.781274 -0.843898 1.999939 1.656301 
10.238960 11.879330 -5.905332 0.382824 -0.507828 0.765648 -0.812647 1.968688 1.656301 
11.909848 11.490219 -5.836665 0.398450 -0.476577 0.726585 -1.000153 2.031190 1.781304 
13.420514 13.580737 -5.516221 0.414075 -0.531266 0.703146 -0.937651 2.031190 1.812555 
17.334513 15.808588 -5.760369 0.414075 -0.507828 0.671896 -1.125156 2.124943 1.906308 
23.110142 19.768364 -5.714591 0.398450 -0.476577 0.679708 -1.187658 2.124943 1.968810 
23.689993 21.431623 -5.607776 0.429701 -0.523453 0.726585 -1.375164 2.218696 2.125065 
25.368511 19.295328 -5.790887 0.453139 -0.554704 0.671896 -1.437666 2.343699 2.250069 
28.939177 15.892514 -5.455184 0.437513 -0.484390 0.640645 -1.593921 2.406201 2.406323 
22.949919 15.572069 -4.158147 0.484390 -0.593768 0.656270 -1.562670 2.374950 2.468825 
21.919920 13.489182 -4.127628 0.507828 -0.601581 0.492203 -1.750175 2.531205 2.625080 
31.617176 19.722588 -1.823481 0.492203 -0.531266 0.437513 -1.750175 2.531205 2.718833 
37.087620 27.649769 -3.616443 0.492203 -0.609394 0.562517 -2.000183 2.781213 2.968841 
37.507248 27.275917 -3.479110 0.492203 -0.593768 0.617206 -2.062685 2.843715 3.062593 
39.521469 23.514511 -0.404370 0.484390 -0.523453 0.554704 -2.281442 2.999969 3.375103 
32.746361 17.288736 -2.105777 0.507828 -0.632832 0.515641 -2.281442 3.062471 3.437605 
27.352215 13.504440 0.167852 0.554704 -0.664083 0.468764 -2.437696 3.249977 3.625111 
29.061251 12.092959 3.601184 0.539079 -0.679708 0.523453 -2.437696 3.281228 3.687613 
33.181248 8.079776 5.775628 0.570330 -0.726585 0.492203 -2.531449 3.437483 3.906369 
29.229103 3.906369 7.591479 0.546892 -0.656270 0.492203 -2.500198 3.468734 -3.968871 
29.580065 1.472518 7.332072 0.562517 -0.710959 0.453139 -2.500198 3.499985 -3.875118 
39.178135 1.533555 5.478073 0.570330 -0.734397 0.234382 -2.500198 3.718741 -3.687613 
29.335917 4.280221 8.163701 0.515641 -0.687521 0.375011 -2.531449 3.781243 -3.562609 
21.263771 -1.747185 5.859554 0.531266 -0.796899 0.515641 -2.468947 3.874996 -3.375103 
22.949919 -2.265999 6.302072 0.601581 -0.914090 0.460952 -2.500198 3.906247 -3.312601 
27.489548 -5.790887 15.396588 0.523453 -0.750023 0.351573 -2.375195 -3.968993 -3.156346 
15.648366 -9.758293 17.128513 0.476577 -0.687521 0.328135 -2.312693 -3.968993 -3.093844 
5.920591 -12.184515 12.085330 0.500015 -0.796899 0.296884 -2.156438 4.000000 -2.968841 
6.118961 -9.369183 11.848811 0.507828 -0.851588 0.265633 -2.125187 4.000000 -2.937590 
0.213630 -8.270516 15.846736 0.500015 -0.820338 0.265633 -2.000183 -3.968993 -2.937590 
-6.187628 -10.063478 21.210363 0.460952 -0.820338 0.414075 -1.937681 3.968749 -2.875088 
-22.980438 -21.179846 27.275917 0.421888 -0.812525 0.367199 -1.656423 3.749992 -2.968841 
-43.328655 -29.343546 31.121250 0.429701 -0.890652 0.320322 -1.500168 3.593738 -3.031343 
-74.076050 -38.720360 39.345989 0.445326 -0.906278 0.546892 -1.062654 3.156224 -3.406354 
-89.770195 -50.408947 50.408947 0.375011 -0.773461 0.601581 -0.750145 2.937468 -3.562609 
-89.564194 -54.391613 46.990875 0.265633 -0.734397 0.523453 -0.156377 2.531205 3.843867 
-90.227974 -52.896206 45.167393 0.250008 -0.687521 0.507828 0.031251 2.281198 3.531358 
-114.871666 -52.835171 48.677021 0.148442 -0.507828 0.656270 0.375011 2.124943 3.250099 
-121.135597 -52.285835 42.565693 0.117191 -0.562517 0.734397 0.937529 1.843684 2.343822 
-101.687675 -42.542801 35.012360 0.117191 -0.507828 0.703146 1.093783 1.718680 1.906308 
-78.325752 -29.602955 29.030731 0.054689 -0.445326 0.867214 1.468795 1.593677 1.250038 
-78.089233 -27.665030 27.825251 -0.007813 -0.375011 0.898465 1.562548 1.624928 0.937529 
-76.265755 -27.504807 27.619251 0.031251 -0.375011 0.835963 1.843806 1.562426 0.281259 
-64.485611 -17.975403 27.016510 -0.101566 -0.093753 0.960967 1.906308 1.562426 0.125004 
-62.898647 -19.585253 21.256142 -0.132817 -0.140629 1.078158 2.156316 1.687429 -0.437635 
-80.393387 -31.517990 18.005920 -0.070315 -0.226569 1.000031 2.218818 1.656178 -0.781396 
-74.533829 -29.213842 19.371624 -0.031251 -0.156255 0.781274 2.468825 1.843684 -1.375164 
-67.987610 -21.874142 21.080660 -0.164068 0.054689 0.882839 2.500076 1.906186 -1.656423 
-53.209023 -11.734366 11.993774 -0.210944 0.093753 0.992218 2.593829 2.031190 -2.093936 
-81.896423 -21.340067 9.346293 -0.093753 -0.007813 0.773461 2.687582 2.156194 -2.343944 
-101.153603 -19.318216 12.169255 0.015625 -0.046876 0.664083 2.781335 2.468703 -3.156468 
-79.889832 1.594592 17.502365 -0.085940 0.148442 1.031281 2.750084 2.593707 -3.375225 
-74.182869 3.639332 15.900144 -0.226569 0.351573 1.039094 2.750084 2.874966 -3.843989 
-70.421463 1.831111 14.061403 -0.054689 0.195318 0.648457 2.656331 2.968719 3.906247 
-60.441910 23.674734 19.508957 0.039064 0.203131 0.320322 2.406323 3.187475 3.531236 
-47.173985 62.555313 23.804438 0.062502 0.460952 0.695334 2.062563 3.218726 3.374981 
-33.501694 66.064941 19.524216 -0.320322 0.625019 1.617237 1.875057 3.281228 3.249977 
-23.682364 39.178135 9.994812 -0.078127 0.453139 1.312540 1.468795 3.406232 3.062471 
-19.928587 36.744286 11.642812 0.046876 0.421888 0.765648 1.375042 3.468734 3.031220 
-7.545702 44.801170 10.132145 0.117191 0.304697 0.929716 1.062532 3.468734 2.968719 
9.971923 54.376354 15.854365 0.132817 0.195318 1.093783 0.906278 3.468734 2.968719 
28.931547 54.544205 25.421919 0.070315 0.375011 1.031281 0.437513 3.374981 3.218726 
54.406872 52.339245 19.074068 0.031251 0.523453 1.062532 0.281259 3.281228 3.312479 
43.153172 42.710655 11.909848 0.132817 0.390637 0.976592 -0.031373 3.093722 3.656240 
35.447250 39.155247 13.527329 0.320322 0.156255 0.742210 -0.125126 2.999969 3.781243 
37.347027 48.844875 21.439253 0.351573 0.109378 0.812525 -0.562639 2.937468 -3.906491 
75.975830 60.655537 21.469772 0.210944 0.296884 1.085971 -0.812647 2.874966 -3.656484 
78.150276 54.956207 13.954589 0.289071 0.328135 0.890652 -1.250160 2.749962 -3.031465 
64.279610 52.873318 8.194220 0.382824 0.210944 0.765648 -1.406415 2.718711 -2.812708 
60.632648 56.253242 4.264962 0.460952 0.031251 0.765648 -1.843928 2.749962 -2.437696 
60.480057 64.271980 5.676443 0.507828 -0.078127 0.781274 -2.031434 2.781213 -2.187689 
67.957092 72.260201 4.036073 0.593768 -0.148442 0.757836 -2.562700 2.843715 -1.687674 
83.903015 81.873528 5.462813 0.578143 -0.031251 0.851588 -2.812708 2.937468 -1.437666 
75.807976 72.267830 2.174444 0.507828 0.109378 0.921903 -3.281472 3.187475 -0.937651 
52.743614 59.053314 -8.262886 0.578143 0.093753 0.710959 -3.500229 3.312479 -0.781396 
39.506210 54.795982 -13.672293 0.695334 -0.015625 0.617206 -3.687735 3.437483 -0.718894 
28.954435 50.706505 -21.614735 0.796899 -0.289071 0.632832 -3.968993 3.624989 -0.687643 
17.830439 45.297096 -15.915402 0.851588 -0.273446 0.523453 3.874996 3.749992 -0.687643 
21.561327 49.272133 -11.894589 0.843776 -0.179693 0.437513 3.624989 3.968749 -0.656392 
33.486435 56.733910 -13.863033 0.781274 -0.203131 0.664083 3.437483 -3.875240 -0.656392 
35.126804 50.531021 -17.342142 0.835963 -0.203131 0.531266 3.156224 -3.625233 -0.562639 
27.573473 43.305763 -15.686514 0.914090 -0.210944 0.390637 3.031220 -3.531480 -0.531388 
20.012512 38.682209 -11.467330 0.929716 -0.140629 0.226569 2.906217 -3.281472 -0.531388 
27.253029 47.082432 -13.367107 0.929716 -0.242195 0.382824 2.749962 -3.093966 -0.562639 
36.812954 54.338207 -13.618885 0.921903 -0.234382 0.359386 2.531205 -2.750206 -0.468886 
36.721397 49.302650 -11.413922 0.992218 -0.171880 0.273446 2.406201 -2.625202 -0.500137 
25.124363 41.093174 -8.102664 0.937529 -0.171880 0.398450 2.249947 -2.343944 -0.406384 
19.989624 35.447250 -6.279183 0.984405 -0.140629 0.343760 2.156194 -2.218940 -0.375134 
17.746513 25.261696 -7.812738 1.000031 -0.023438 0.164068 2.062441 -2.000183 -0.406384 
17.983032 25.231178 -9.918515 1.007843 -0.039064 0.117191 2.031190 -1.937681 -0.437635 
17.845699 25.330362 -17.448957 1.000031 -0.125004 0.218757 1.937437 -1.781426 -0.531388 
17.433699 25.307474 -18.028809 1.046907 -0.164068 0.257820 1.906186 -1.687674 -0.625141 
10.155034 21.156958 -16.083254 1.046907 -0.125004 0.101566 1.874935 -1.562670 -0.687643 
4.211555 19.142735 -10.147405 1.015656 -0.187506 0.164068 1.812433 -1.500168 -0.750145 
13.618885 23.430586 -10.177923 1.000031 -0.148442 0.210944 1.843684 -1.375164 -0.812647 
11.337626 17.204809 -7.652516 0.976592 -0.015625 0.132817 1.781182 -1.343913 -0.906400 
-0.396741 12.070070 -10.162663 0.984405 0.023438 0.070315 1.718680 -1.218909 -0.906400 
-8.194220 13.634144 -15.427107 1.007843 -0.101566 0.054689 1.718680 -1.250160 -1.093905 
-7.683035 14.061403 -15.511032 1.039094 -0.132817 0.062502 1.718680 -1.125156 -1.187658 
4.173406 19.516586 -13.710441 1.031281 -0.070315 0.000000 1.781182 -1.062654 -1.312662 
8.156072 25.238808 -13.908811 0.992218 -0.062502 0.023438 1.687429 -0.968902 -1.406415 
1.640370 25.055696 -11.467330 0.968780 -0.054689 -0.109378 1.718680 -0.843898 -1.562670 
-3.555406 29.251991 -7.782220 0.945341 0.000000 -0.148442 1.687429 -0.718894 -1.593921 
-13.901181 28.870510 -7.698294 0.898465 0.093753 -0.187506 1.687429 -0.562639 -1.687674 
-19.356365 30.869473 -11.566515 0.890652 0.070315 -0.125004 1.687429 -0.406384 -1.750175 
-17.960142 30.907621 -17.403179 0.882839 0.007813 0.101566 1.718680 -0.187628 -1.937681 
-7.972960 21.591845 -23.010956 0.875027 -0.015625 0.195318 1.687429 -0.125126 -2.000183 
-3.715629 3.616443 -27.169104 0.804712 0.132817 0.375011 1.749931 -0.125126 -2.312693 
-15.770440 -31.235695 -37.308876 0.882839 0.250008 0.218757 1.843684 -0.187628 -2.500198 
-25.414289 -46.662800 -42.497025 1.085971 0.062502 -0.015625 2.031190 -0.500137 -2.968963 
-27.474289 -56.604206 -46.891689 1.304727 -0.234382 -0.015625 2.156194 -0.625141 -3.218970 
-11.650441 -54.673908 -37.110508 1.273476 -0.062502 -0.007813 2.406201 -1.031404 -3.531480 
2.098148 -48.944061 -27.832880 1.125034 0.289071 0.070315 2.468703 -1.187658 -3.656484 
-13.359478 -56.855984 -31.609547 1.015656 0.460952 0.125004 2.593707 -1.406415 -3.750237 
-28.992584 -68.514053 -48.364208 0.953154 0.437513 0.382824 2.968719 -1.718925 3.812494 
-35.164951 -80.103455 -54.544205 1.054720 0.179693 0.328135 3.218726 -1.937681 3.624989 
-43.176060 -93.722343 -54.483170 1.164098 -0.015625 0.273446 3.781243 -2.250191 3.187475 
-29.000214 -87.778862 -40.963470 1.242225 -0.210944 -0.078127 -3.968993 -2.468947 3.062471 
-3.563036 -64.676353 -15.900144 1.000031 0.109378 -0.039064 -3.656484 -2.750206 2.906217 
15.945921 -42.527542 -4.074221 0.734397 0.242195 0.351573 -3.531480 -2.906461 2.937468 
29.251991 -44.473099 0.450148 0.718772 0.359386 0.406262 -3.468978 -3.218970 3.031220 
29.694510 -46.479691 4.165777 0.773461 0.554704 0.250008 -3.343974 -3.406476 3.062471 
25.582140 -39.071323 7.957701 0.757836 0.500015 0.359386 -3.281472 -3.718986 3.281228 
27.535326 -33.616138 9.575182 0.648457 0.453139 0.625019 -3.187719 -3.843989 3.312479 
29.091768 -35.561691 7.942442 0.687521 0.382824 0.679708 -3.062716 3.843745 3.468734 
35.546432 -37.362286 9.704886 0.781274 0.367199 0.648457 -2.937712 3.656240 3.593738 
33.341473 -38.583027 10.063478 0.773461 0.195318 0.835963 -2.843959 3.406232 3.906247 
42.489395 -33.440659 15.305033 0.828150 0.109378 0.804712 -2.750206 3.218726 -3.968993 
41.497543 -42.687767 23.339029 0.773461 0.148442 0.812525 -2.593951 2.906217 -3.562731 
50.515762 -41.062656 25.070955 0.773461 0.054689 0.953154 -2.500198 2.781213 -3.343974 
64.348274 -39.208656 27.367474 0.820338 0.101566 0.687521 -2.406446 2.437452 -2.812708 
48.898281 -41.375469 29.473251 0.671896 0.265633 0.734397 -2.250191 2.312449 -2.531449 
45.144505 -38.712730 25.864437 0.632832 0.000000 1.031281 -2.156438 2.187445 -2.343944 
56.726280 -35.233620 21.759697 0.664083 -0.195318 1.156285 -1.937681 1.968688 -1.781426 
64.188057 -42.680134 34.691917 0.562517 -0.007813 0.906278 -1.812677 1.843684 -1.468917 
56.718651 -53.071690 37.430950 0.515641 0.046876 0.656270 -1.437666 1.656178 -0.843898 
38.987396 -56.367687 35.180210 0.468764 -0.062502 0.750023 -1.218909 1.593677 -0.593890 
44.679096 -47.235023 32.860806 0.476577 -0.164068 0.796899 -0.812647 1.499924 -0.156377 
52.362133 -44.534134 32.723473 0.421888 -0.296884 0.937529 -0.625141 1.468673 0.062502 
62.944427 -40.688805 35.576954 0.312510 -0.273446 0.929716 -0.250130 1.468673 0.625019 
47.128208 -50.561539 40.536209 0.296884 -0.187506 0.617206 -0.031373 1.437422 0.906278 
27.504807 -46.624653 33.379620 0.289071 -0.265633 0.492203 0.343760 1.437422 1.125034 
29.534288 -31.281473 27.420881 0.296884 -0.507828 0.820338 0.500015 1.437422 1.312540 
41.383099 -26.902065 27.405621 0.312510 -0.570330 0.921903 0.718772 1.531175 1.656301 
60.251167 -23.514511 33.532211 0.171880 -0.359386 0.968780 0.843776 1.593677 1.906308 
37.156284 -35.592213 36.660358 0.125004 -0.335948 0.695334 1.218787 1.624928 2.125065 
10.101626 -37.598804 31.617176 0.234382 -0.734397 0.726585 1.375042 1.624928 2.156316 
15.907773 -35.409100 34.783470 0.203131 -0.734397 0.820338 1.750053 1.718680 2.250069 
31.647694 -34.760582 35.264137 0.046876 -0.539079 0.890652 1.875057 1.749931 2.406323 
31.029694 -36.767174 34.882656 0.031251 -0.578143 0.750023 2.281320 1.874935 2.468825 
21.843622 -36.935024 34.699547 0.007813 -0.695334 0.539079 2.437574 1.937437 2.562578 
16.014587 -27.283548 34.783470 -0.046876 -0.710959 0.601581 2.531327 1.968688 2.562578 
21.698660 -19.577623 31.670584 -0.062502 -0.710959 0.867214 2.781335 2.062441 2.687582 
32.723473 -23.384808 33.173618 -0.101566 -0.617206 0.718772 2.906339 2.124943 2.718833 
19.760735 -23.171179 33.555099 -0.156255 -0.671896 0.679708 3.187597 2.218696 2.843837 
13.641774 -23.468733 33.410137 -0.171880 -0.757836 0.710959 3.281350 2.312449 2.812586 
3.517258 -31.083101 39.254433 -0.195318 -0.593768 0.578143 3.625111 2.406201 2.687582 
-7.820368 -31.365398 40.879543 -0.250008 -0.523453 0.671896 3.750114 2.437452 2.656331 
0.221259 -29.129917 34.989471 -0.257820 -0.539079 0.601581 -3.968871 2.531205 2.500076 
15.564440 -21.080660 25.734734 -0.328135 -0.601581 0.679708 -3.843867 2.562456 2.500076 
17.189550 -21.004364 25.803400 -0.359386 -0.679708 0.687521 -3.656362 2.687460 2.500076 
10.155034 -25.551622 27.520065 -0.406262 -0.546892 0.585955 -3.531358 2.749962 2.500076 
0.045778 -31.205175 29.686880 -0.421888 -0.601581 0.515641 -3.250099 2.843715 2.343822 
-4.119999 -28.839991 29.747917 -0.445326 -0.570330 0.429701 -3.156346 2.906217 2.218818 
3.540147 -17.761772 23.407698 -0.507828 -0.531266 0.507828 -2.968841 2.968719 2.156316 
6.088443 -13.389996 17.334513 -0.515641 -0.546892 0.695334 -2.937590 3.031220 2.125065 
5.653554 -15.297403 15.938292 -0.500015 -0.539079 0.570330 -2.812586 3.093722 2.062563 
-5.577258 -19.844662 15.594958 -0.507828 -0.593768 0.398450 -2.718833 3.062471 1.968810 
-9.712516 -11.932737 15.770440 -0.546892 -0.539079 0.507828 -2.593829 3.156224 1.875057 
-4.081851 -7.683035 13.580737 -0.578143 -0.515641 0.718772 -2.625080 3.187475 1.843806 
-6.279183 -13.367107 9.544663 -0.578143 -0.546892 0.648457 -2.531327 3.156224 1.750053 
-9.399701 -13.840144 7.789850 -0.554704 -0.585955 0.484390 -2.437574 3.218726 1.687551 
-7.957701 -10.155034 6.286813 -0.570330 -0.554704 0.632832 -2.406323 3.249977 1.625050 
-2.296518 -8.018739 5.775628 -0.570330 -0.546892 0.585955 -2.375072 3.281228 1.625050 
-6.202887 -11.787774 7.866146 -0.523453 -0.625019 0.460952 -2.312571 3.343730 1.562548 
-17.136143 -9.987183 13.206885 -0.554704 -0.593768 0.554704 -2.281320 3.343730 1.406293 
-23.270363 -10.132145 15.770440 -0.539079 -0.554704 0.601581 -2.156316 3.374981 1.281289 
-21.156958 -11.658071 15.717032 -0.585955 -0.484390 0.562517 -2.125065 3.374981 1.125034 
-15.205848 -9.781182 15.671254 -0.617206 -0.421888 0.562517 -2.062563 3.437483 1.031281 
-7.683035 -4.142888 10.155034 -0.632832 -0.429701 0.531266 -2.031312 3.468734 0.906278 
-3.715629 0.076296 7.805109 -0.640645 -0.421888 0.539079 -2.031312 3.406232 0.875027 
-5.760369 0.381481 6.172369 -0.632832 -0.492203 0.601581 -2.000061 3.468734 0.812525 
-14.015626 -5.859554 11.413922 -0.656270 -0.468764 0.695334 -2.000061 3.468734 0.718772 
-21.073030 -11.513107 15.419477 -0.648457 -0.523453 0.632832 -1.875057 3.531236 0.562517 
-17.830439 -13.428144 17.670218 -0.679708 -0.398450 0.453139 -1.906308 3.562487 0.406262 
-17.181921 -3.883480 17.441328 -0.703146 -0.343760 0.367199 -1.812555 3.531236 0.250008 
-14.160588 6.202887 13.473922 -0.726585 -0.250008 0.554704 -1.812555 3.562487 0.125004 
-15.907773 2.029481 8.033998 -0.726585 -0.281259 0.859401 -1.906308 3.531236 0.031251 
-1.541185 -0.106815 3.517258 -0.671896 -0.320322 0.562517 -1.843806 3.531236 -0.000122 
6.019776 2.204962 0.389111 -0.703146 -0.328135 0.460952 -1.875057 3.531236 0.062502 
7.690664 11.909848 -3.593554 -0.656270 -0.398450 0.445326 -1.906308 3.437483 0.062502 
5.668813 21.164587 -5.417036 -0.710959 -0.289071 0.718772 -1.968810 3.406232 0.156255 
3.921628 15.976439 -11.444441 -0.679708 -0.343760 0.734397 -2.062563 3.343730 0.187506 
9.987183 19.180883 -15.449995 -0.664083 -0.289071 0.523453 -2.156316 3.312479 0.281259 
15.671254 30.961027 -25.421919 -0.664083 -0.289071 0.406262 -2.250069 3.156224 0.437513 
17.845699 39.246803 -29.313028 -0.500015 -0.507828 0.382824 -2.375072 3.062471 0.593768 
29.068880 58.343761 -33.585621 -0.437513 -0.515641 0.335948 -2.781335 2.874966 0.875027 
25.566881 70.696129 -34.943695 -0.492203 -0.343760 0.710959 -3.000092 2.687460 1.093783 
11.749626 62.089909 -37.400433 -0.406262 -0.437513 1.039094 -3.437605 2.499954 1.343791 
-3.692740 41.077915 -33.326214 -0.335948 -0.625019 0.851588 -3.656362 2.374950 1.468795 
-6.294443 37.079990 -30.884731 -0.257820 -0.750023 0.539079 -3.843867 2.281198 1.531297 
-6.164739 43.229469 -19.798883 -0.210944 -0.562517 0.515641 3.906369 2.218696 1.531297 
-3.883480 57.084873 -15.892514 -0.398450 -0.312510 1.156285 3.531358 2.062441 1.562548 
-5.645924 44.671467 -25.757622 -0.273446 -0.531266 1.218787 3.312601 1.937437 1.593799 
4.371777 29.511398 -29.000214 -0.140629 -0.718772 0.906278 3.093844 1.937437 1.687551 
11.375774 29.557177 -21.729179 -0.125004 -0.617206 0.648457 2.937590 1.906186 1.781304 
9.979552 33.181248 -19.837030 -0.125004 -0.515641 0.718772 2.687582 1.874935 1.812555 
7.576220 38.972137 -21.683401 -0.132817 -0.437513 0.875027 2.468825 1.843684 1.937559 
3.807184 37.591175 -29.213842 -0.062502 -0.539079 0.890652 2.312571 1.843684 1.968810 
5.973998 34.836880 -31.136509 0.015625 -0.687521 0.984405 2.031312 1.812433 2.031312 
23.033846 29.778435 -25.475327 0.015625 -0.687521 0.781274 1.843806 1.812433 2.125065 
28.824732 31.327250 -21.843622 -0.007813 -0.500015 0.695334 1.593799 1.812433 2.375072 
29.213842 33.356731 -23.926512 0.039064 -0.578143 0.726585 1.406293 1.874935 2.500076 
27.642139 37.026581 -29.244362 0.078127 -0.687521 0.882839 1.093783 1.937437 2.656331